22.8904
22.7914
22.5484
22.4793
22.6108
22.4967
22.9718
22.5604
22.5110
22.6424
22.4776
22.5170
22.7522
22.4493
22.7202
22.5659
22.4973
22.7882
22.5224
22.4194
22.3426
22.4677
22.6254
22.6069
22.6267
22.7095
22.6548
22.6968
22.6298
22.7450
22.6468
22.8042
22.6525
22.7240
22.7924
22.6481
22.7105
22.5516
22.6200
22.4759
22.4037
22.8497
22.5648
22.5341
22.5648
22.8877
22.7335
22.6903
22.6617
22.7727
22.6545
22.8128
22.6656
22.5498
22.7123
22.7524
22.8277
22.5445
22.9648
22.6711
22.5880
22.7085
22.7660
22.5767
23.0200
22.9105
22.5940
22.9973
22.9633
22.8227
22.7551
22.7154
22.6527
22.6785
22.7331
22.7412
22.7520
22.8782
22.7639
22.6501
22.6579
23.0634
23.2007
22.9567
22.8483
23.1799
22.9732
23.0955
23.0868
23.0007
23.1366
22.9624
22.8869
22.9681
23.1499
22.7419
22.8897
22.6889
22.8332
22.8390
23.2838
22.9399
22.9335
22.7758
22.9539
22.7758
22.6172
22.8492
22.8245
22.6179
22.5348
22.6391
22.7122
22.5692
22.8722
22.7072
22.7075
23.0357
22.9607
22.8639
22.9830
23.0725
22.8966
22.9109
22.8028
22.7412
22.8137
22.7355
22.8843
22.8252
23.0680
22.8186
22.4714
22.5467
22.7349
22.5792
22.8820
22.3025
22.8431
22.9635
22.8014
22.7847
22.8293
22.9505
22.9798
22.7538
22.6480
22.8250
22.7486
22.9820
22.9612
23.0161
23.0232
22.6710
22.5963
22.3306
22.6007
22.7979
22.3616
22.5041
22.6612
22.5304
22.7163
22.7863
22.4072
22.4694
22.4097
22.7106
22.5137
22.4252
22.2238
22.1806
22.6798
22.6150
22.4956
22.7657
22.5388
22.5870
22.6567
22.9317
22.7959
22.7472
22.8915
23.0771
22.7546
23.1343
23.2097
23.1462
23.1769
23.1319
22.8345
22.9018
22.5401
22.8681
22.7492
22.7407
23.1504
23.1957
22.9604
22.9858
22.8274
23.0616
22.9578
23.3454
23.1200
23.0705
22.8795
23.3894
22.9776
23.4110
22.8618
23.0765
23.0360
22.9187
22.9765
23.0717
23.0849
23.0818
23.2437
22.8851
22.9279
23.1610
23.2489
23.0537
23.4474
23.1457
23.2154
23.2512
23.0974
23.1311
23.1547
22.9618
22.8523
22.9610
22.8686
23.0151
23.1280
22.5864
22.8082
23.1332
23.0511
23.0826
22.7099
23.0377
23.0123
23.0773
22.9565
22.8138
22.6887
22.9394
22.7436
22.7081
23.1888
22.7056
22.8976
22.7686
22.7670
22.6945
22.5772
22.7123
22.6785
22.9780
22.7827
23.0870
22.8824
22.6235
22.7613
22.5347
22.5222
22.7431
22.6325
22.7960
22.5066
22.5496
22.6578
22.5393
22.5495
22.8641
22.5599
22.2051
22.6635
22.6999
22.5432
22.4539
22.6602
22.9698
22.7358
22.4364
22.3226
22.8193
22.6464
22.7717
22.8712
22.6644
22.8700
22.9181
22.7263
22.6220
22.7498
22.6744
22.6268
22.8296
22.5170
22.5331
22.8146
22.3831
22.5492
22.8833
22.6673
22.4937
22.0879
22.5166
22.5269
22.8164
22.5645
22.4663
22.5340
22.7488
22.6213
22.5184
22.8772
22.6808
22.7337
22.5954
22.5961
22.3206
22.6866
22.6038
22.5553
22.6229
22.7399
22.4064
22.8193
22.6896
22.9849
22.8776
22.7379
22.7625
22.6568
22.7431
22.6947
22.5821
22.4163
22.7618
22.7256
22.7515
22.9254
22.6032
22.7578
22.9423
23.0142
23.1698
23.0501
23.0462
22.9922
23.2022
23.2223
23.0507
22.8633
22.8220
22.9607
22.9532
22.6335
22.8449
22.9337
22.9022
23.2123
23.0554
23.0884
23.1270
23.0120
23.4696
23.1224
23.3659
23.2263
23.1006
23.1730
22.9211
22.9113
22.9058
23.0458
22.9265
23.0412
22.8804
22.7156
22.8895
22.6850
22.5637
22.8892
22.7143
22.6046
22.8628
23.1347
23.1142
23.0639
23.1394
22.9793
23.3789
23.0617
23.1320
23.1699
23.4097
22.9977
23.5250
23.4812
23.1811
23.4665
23.3915
23.2723
22.8937
22.9531
23.3184
23.1282
22.9882
23.2450
23.0616
23.1684
22.9527
22.9704
22.8798
22.8674
23.1639
23.0094
23.1293
23.1785
23.5371
23.2756
23.3003
23.0574
23.4523
23.2197
23.1651
23.3701
23.3966
23.0572
23.0668
23.4596
23.0427
23.1294
23.1390
23.1125
23.4331
23.0501
23.2008
23.0756
23.0658
23.2527
23.2245
23.4770
23.0375
23.2698
23.0233
23.2690
22.9864
23.3834
23.4913
23.2370
23.5232
23.2271
23.1493
22.8206
23.0563
22.9594
23.1944
23.1056
23.1759
23.2942
22.9627
23.3685
23.0066
23.2504
23.2579
23.2500
23.4367
23.5764
23.6028
23.4501
23.4681
23.6495
23.8052
23.6142
23.6248
23.4337
23.3800
23.6826
23.4527
23.4605
23.5194
23.5071
23.7985
24.0414
23.8014
23.7831
23.5221
23.4039
23.6557
24.0749
23.7029
23.7606
23.7553
23.6070
23.5501
23.4258
23.2829
23.3739
23.1129
23.4268
23.4049
23.1630
23.1073
23.2001
23.1795
23.3728
23.6411
23.3598
23.3024
23.5663
