65.8836
65.5831
66.1031
66.3934
66.2341
65.1172
65.7885
66.1495
66.1669
65.9423
66.2248
66.0569
66.0739
65.5792
65.5670
65.8559
65.5267
65.6161
65.4697
65.7149
64.1059
64.8129
65.1631
65.3356
66.1051
66.3132
66.7421
66.6521
66.9559
66.2253
66.3677
66.2802
65.6516
65.7804
65.5131
66.0116
65.9988
65.7896
65.2152
65.6712
65.2166
66.2865
65.8544
65.4277
64.8802
65.2159
65.2931
64.7068
64.2754
64.8055
65.4498
65.6494
65.4888
65.6559
65.4110
65.5447
65.8482
64.9534
64.9938
64.8217
63.9342
63.2385
63.3427
64.1518
64.8262
63.7915
63.8721
64.4374
64.7576
64.5358
64.2412
64.6158
63.8732
63.1465
63.8463
63.8440
64.7974
64.8903
64.4655
65.1243
65.3194
64.8089
65.3332
64.5848
65.4971
65.6504
65.8659
64.7488
64.8011
64.3454
64.5337
65.0795
64.8221
64.8724
65.1440
65.3208
64.9528
65.5869
66.4854
66.2883
65.9929
66.4223
65.8098
65.8924
65.2845
65.7453
65.9595
66.0815
66.5367
65.9504
66.2711
65.9570
65.9104
65.7772
65.7301
66.0200
66.6323
66.4787
66.9789
65.8869
66.3562
66.1013
66.4385
66.1563
65.8806
65.8520
65.4561
65.5942
65.3052
65.6760
65.4430
66.0351
65.7757
65.7153
65.5756
65.2061
65.1207
65.0623
65.3254
64.8762
64.8445
65.6781
65.8216
65.7053
66.0850
66.4185
65.7394
65.5114
65.2496
65.0011
65.2511
66.1569
66.9207
66.9706
66.2739
65.9825
66.0525
65.8842
66.2722
66.2580
65.2875
65.2223
64.7039
65.1334
64.4590
64.3594
65.2158
64.9434
65.2280
65.6478
65.4649
65.5809
64.7937
65.2339
65.6788
64.8389
63.9591
65.7653
65.6076
65.8405
65.7864
65.6210
66.0337
66.0872
66.0719
65.7726
66.6377
66.2483
66.0216
65.8275
66.0652
65.8151
66.0582
65.4261
65.0836
65.9329
66.3393
65.5997
64.6993
64.9055
65.8796
66.4278
66.2938
66.2901
65.5061
66.0149
65.5931
66.0128
65.6830
65.9083
66.0058
65.2016
64.6734
64.8407
64.8981
65.3196
64.5528
64.5674
64.9496
65.0189
65.4544
65.4249
65.9485
66.6853
65.9998
65.9772
65.7633
66.4259
66.4555
65.7330
66.1748
65.7877
66.1268
66.0599
66.2570
65.9630
65.9365
66.0617
65.9169
65.3797
65.2127
64.9374
65.0545
65.5872
65.2378
64.6093
64.1853
63.9777
64.7861
64.6190
63.7280
63.5824
64.2925
63.8301
64.4254
64.6262
64.9517
63.9472
63.3713
64.3612
64.2146
63.8762
64.4826
64.1255
64.2425
63.4319
63.6949
63.3852
62.9629
63.6674
63.6725
63.3538
62.6574
63.7273
63.1094
63.7944
63.6216
63.7738
63.9294
63.5142
63.7177
63.6939
63.2993
63.3796
63.1504
63.5755
63.9210
63.4811
63.3961
63.6434
63.6843
63.0931
63.7599
62.6046
63.6584
64.4715
64.6733
64.9138
64.5699
64.6208
64.6803
65.1649
64.5009
64.4102
64.8729
64.6476
64.3131
64.5209
64.1731
64.4669
64.4994
64.4238
64.6382
64.2797
63.6801
63.9640
64.0201
63.8143
64.4131
63.9501
63.4327
63.3341
62.9170
62.7967
62.8610
62.8856
63.4894
64.6831
64.5660
64.2838
65.2548
64.9340
64.8226
65.0354
64.9909
64.6182
64.1248
63.7827
64.0073
64.0511
63.7644
63.8139
63.2742
63.8881
64.2903
63.8196
63.9462
63.8159
63.3098
63.3230
62.8777
63.6484
62.7442
62.4424
63.1429
63.3102
63.5677
63.6147
64.0381
63.2486
63.2331
63.7044
63.0277
63.4256
63.8194
63.8943
63.1647
64.0740
64.5218
64.1056
64.1297
63.4601
63.7546
63.5487
63.2466
63.1878
63.0437
63.6113
64.0446
63.7708
64.1635
63.6446
63.3523
63.1765
63.9625
63.9900
63.4146
63.7810
63.9362
64.2808
63.3737
63.2500
63.6641
63.5445
63.4955
63.6633
63.9244
64.5257
63.9981
64.3642
64.1236
63.3226
62.9686
63.9599
63.1076
63.2314
63.5942
63.7000
63.8576
63.7785
64.4908
63.9748
63.7699
63.8121
63.6487
63.9636
63.4145
63.9839
64.5379
64.6384
64.0121
64.6646
65.1968
64.6751
65.0163
64.6668
64.5244
63.9749
64.2263
64.4923
64.2703
64.8037
64.9551
64.3252
64.0220
64.0022
63.9298
64.1915
64.1578
64.6017
64.3022
64.4760
63.8487
63.8681
63.6652
63.9081
64.5187
64.8524
64.6830
64.6124
65.0904
64.9768
64.7930
63.9584
63.8122
64.2746
64.4818
64.1730
64.0854
64.3411
65.0382
64.9956
65.5644
65.7542
64.7266
65.3493
65.4074
65.0030
65.2411
65.9705
65.0251
63.9779
64.5011
65.5423
64.8629
65.4548
65.5885
65.5711
65.7272
65.4995
65.8692
66.0209
65.5167
65.3242
64.6327
65.0983
66.2146
66.3039
66.0831
65.8325
66.2472
66.5618
66.7399
66.0052
65.8415
64.9135
64.7711
64.9737
65.5697
65.5730
66.2808
66.4489
65.3494
65.4103
64.7835
64.3974
65.0790
65.2871
65.7492
65.5591
65.5443
65.2925
65.7726
65.5876
65.2448
65.4904
65.4874
