8.8846 0.0000 5.2952
7.4137 0.0000 4.4186
12.9737 0.0000 7.7323
14.7838 0.0000 8.8111
0.9244 0.0000 0.5510
9.7936 0.0000 5.8370
9.0952 0.0000 5.4207
2.3293 0.0000 1.3882
9.8237 0.0000 5.8549
14.2459 0.0000 8.4905
7.5947 0.0000 4.5265
6.8850 0.0000 4.1034
14.2305 0.0000 8.4814
9.5824 0.0000 5.7111
9.8640 0.0000 5.8789
16.6894 0.0000 9.9469
8.0643 0.0000 4.8064
14.1463 0.0000 8.4312
12.1470 0.0000 7.2396
5.6381 0.0000 3.3603
9.3534 0.0000 5.5746
11.5877 0.0000 6.9063
13.7648 0.0000 8.2038
10.6352 0.0000 6.3386
14.3193 0.0000 8.5343
20.8371 0.0000 12.4189
18.0807 0.0000 10.7761
9.5135 0.0000 5.6701
21.5598 0.0000 12.8496
15.1257 0.0000 9.0149
5.8526 0.0000 3.4882
9.8835 0.0000 5.8906
17.5528 0.0000 10.4615
8.1026 0.0000 4.8291
17.3694 0.0000 10.3522
12.6246 0.0000 7.5243
19.4444 0.0000 11.5889
11.8470 0.0000 7.0608
9.9664 0.0000 5.9400
2.8223 0.0000 1.6821
13.3119 0.0000 7.9339
9.0290 0.0000 5.3813
10.4878 0.0000 6.2507
7.0169 0.0000 4.1821
6.0112 0.0000 3.5827
2.5736 0.0000 1.5339
11.8202 0.0000 7.0448
7.6260 0.0000 4.5451
13.5547 0.0000 8.0786
9.2015 0.0000 5.4841
15.1309 0.0000 9.0180
11.1353 0.0000 6.6366
3.1978 0.0000 1.9059
6.1811 0.0000 3.6839
4.3392 0.0000 2.5861
12.0766 0.0000 7.1977
12.0100 0.0000 7.1579
8.5794 0.0000 5.1133
19.0897 0.0000 11.3775
7.0620 0.0000 4.2090
16.7566 0.0000 9.9870
14.6676 0.0000 8.7419
16.2466 0.0000 9.6830
8.3361 0.0000 4.9683
13.8839 0.0000 8.2748
17.1318 0.0000 10.2106
15.9447 0.0000 9.5030
4.3809 0.0000 2.6110
12.5248 0.0000 7.4648
13.2328 0.0000 7.8867
7.9640 0.0000 4.7465
13.1514 0.0000 7.8382
17.7282 0.0000 10.5660
14.1466 0.0000 8.4314
6.4064 0.0000 3.8182
8.5039 0.0000 5.0683
9.8289 0.0000 5.8580
12.1920 0.0000 7.2664
15.9793 0.0000 9.5237
7.3147 0.0000 4.3595
18.4995 0.0000 11.0257
4.6919 0.0000 2.7964
10.1902 0.0000 6.0733
8.3127 0.0000 4.9544
5.9476 0.0000 3.5448
13.0016 0.0000 7.7489
8.0579 0.0000 4.8025
9.4146 0.0000 5.6111
8.4698 0.0000 5.0480
8.3695 0.0000 4.9883
4.8820 0.0000 2.9097
11.3636 0.0000 6.7727
6.1953 0.0000 3.6924
10.4242 0.0000 6.2128
12.0182 0.0000 7.1629
13.1547 0.0000 7.8402
9.3848 0.0000 5.5933
11.2056 0.0000 6.6785
5.7063 0.0000 3.4009
4.7223 0.0000 2.8145
10.0779 0.0000 6.0064
11.6770 0.0000 6.9595
11.4288 0.0000 6.8115
5.7274 0.0000 3.4135
5.4962 0.0000 3.2758
8.9559 0.0000 5.3377
8.7723 0.0000 5.2283
15.6838 0.0000 9.3475
4.2345 0.0000 2.5238
6.2602 0.0000 3.7311
10.9331 0.0000 6.5161
8.7335 0.0000 5.2051
8.7235 0.0000 5.1992
10.9420 0.0000 6.5215
19.8628 0.0000 11.8383
5.6908 0.0000 3.3917
7.4895 0.0000 4.4637
9.6256 0.0000 5.7368
9.3806 0.0000 5.5908
5.7374 0.0000 3.4195
9.6433 0.0000 5.7474
8.4648 0.0000 5.0450
5.8358 0.0000 3.4781
18.1577 0.0000 10.8220
9.6360 0.0000 5.7431
1.8094 0.0000 1.0784
4.9571 0.0000 2.9544
8.6499 0.0000 5.1554
5.7885 0.0000 3.4499
12.5174 0.0000 7.4603
10.1469 0.0000 6.0476
13.5872 0.0000 8.0979
10.3025 0.0000 6.1403
11.1327 0.0000 6.6351
8.0846 0.0000 4.8184
18.6988 0.0000 11.1445
5.5825 0.0000 3.3272
13.4015 0.0000 7.9873
6.7515 0.0000 4.0239
12.1560 0.0000 7.2450
7.5466 0.0000 4.4978
15.1636 0.0000 9.0375
5.4928 0.0000 3.2737
16.5426 0.0000 9.8594
10.1071 0.0000 6.0238
7.5229 0.0000 4.4837
20.3253 0.0000 12.1139
13.2926 0.0000 7.9224
7.7614 0.0000 4.6258
6.8974 0.0000 4.1109
13.2633 0.0000 7.9049
9.0006 0.0000 5.3644
10.1460 0.0000 6.0470
7.2752 0.0000 4.3360
4.0981 0.0000 2.4425
12.2658 0.0000 7.3104
5.1234 0.0000 3.0536
5.2053 0.0000 3.1024
5.2761 0.0000 3.1446
5.2281 0.0000 3.1159
6.2271 0.0000 3.7114
13.3853 0.0000 7.9777
6.1223 0.0000 3.6489
13.3555 0.0000 7.9599
4.1373 0.0000 2.4658
4.3091 0.0000 2.5682
8.0592 0.0000 4.8033
14.8331 0.0000 8.8405
9.0159 0.0000 5.3735
10.3930 0.0000 6.1942
9.3867 0.0000 5.5945
5.4173 0.0000 3.2287
10.8637 0.0000 6.4748
10.2703 0.0000 6.1211
15.3165 0.0000 9.1287
6.3675 0.0000 3.7950
11.2755 0.0000 6.7202
11.0917 0.0000 6.6106
10.9190 0.0000 6.5077
7.2648 0.0000 4.3298
7.3969 0.0000 4.4086
13.3107 0.0000 7.9332
8.6858 0.0000 5.1768
12.1634 0.0000 7.2494
8.1457 0.0000 4.8549
8.2905 0.0000 4.9412
9.3407 0.0000 5.5670
4.0556 0.0000 2.4171
15.7076 0.0000 9.3618
11.5265 0.0000 6.8698
11.0560 0.0000 6.5894
5.8024 0.0000 3.4582
14.6859 0.0000 8.7528
7.3363 0.0000 4.3725
7.2386 0.0000 4.3142
11.5001 0.0000 6.8541
8.4725 0.0000 5.0496
11.2101 0.0000 6.6812
10.7415 0.0000 6.4019
13.8724 0.0000 8.2679
10.8592 0.0000 6.4721
13.6861 0.0000 8.1569
16.9737 0.0000 10.1164
10.9058 0.0000 6.4998
15.4019 0.0000 9.1795
14.4434 0.0000 8.6083
19.2948 0.0000 11.4997
14.7462 0.0000 8.7887
7.0232 0.0000 4.1858
14.2557 0.0000 8.4964
8.4598 0.0000 5.0421
5.9668 0.0000 3.5562
2.8316 0.0000 1.6876
13.5086 0.0000 8.0511
10.9557 0.0000 6.5296
10.1110 0.0000 6.0261
8.9205 0.0000 5.3166
8.7942 0.0000 5.2413
13.6648 0.0000 8.1442
10.1321 0.0000 6.0388
15.0516 0.0000 8.9708
15.9008 0.0000 9.4769
6.8948 0.0000 4.1093
12.0112 0.0000 7.1587
8.7285 0.0000 5.2022
12.6397 0.0000 7.5333
9.3751 0.0000 5.5876
18.2372 0.0000 10.8693
7.1741 0.0000 4.2758
6.6685 0.0000 3.9744
7.3740 0.0000 4.3949
11.9908 0.0000 7.1465
12.2751 0.0000 7.3159
13.4567 0.0000 8.0202
11.2343 0.0000 6.6957
12.8378 0.0000 7.6514
8.0300 0.0000 4.7859
8.9426 0.0000 5.3298
9.9708 0.0000 5.9426
9.4962 0.0000 5.6597
14.0152 0.0000 8.3531
11.9401 0.0000 7.1163
11.1523 0.0000 6.6468
8.4247 0.0000 5.0211
12.0886 0.0000 7.2048
11.7734 0.0000 7.0169
16.2996 0.0000 9.7146
3.0595 0.0000 1.8235
9.8833 0.0000 5.8905
11.3090 0.0000 6.7402
9.6702 0.0000 5.7635
8.9747 0.0000 5.3489
9.5537 0.0000 5.6940
7.4057 0.0000 4.4138
14.2238 0.0000 8.4774
10.4209 0.0000 6.2109
10.8710 0.0000 6.4791
7.1246 0.0000 4.2463
5.4521 0.0000 3.2494
10.4574 0.0000 6.2326
16.5508 0.0000 9.8643
15.0696 0.0000 8.9815
10.0034 0.0000 5.9621
14.0287 0.0000 8.3611
10.1344 0.0000 6.0401
5.8825 0.0000 3.5060
10.4422 0.0000 6.2235
16.7302 0.0000 9.9712
9.5141 0.0000 5.6704
3.8203 0.0000 2.2769
3.2606 0.0000 1.9433
5.8687 0.0000 3.4978
10.3898 0.0000 6.1923
7.9689 0.0000 4.7495
7.4770 0.0000 4.4563
15.9827 0.0000 9.5257
8.6501 0.0000 5.1555
14.3519 0.0000 8.5537
7.9880 0.0000 4.7608
17.4147 0.0000 10.3791
5.1205 0.0000 3.0518
10.7462 0.0000 6.4047
15.4447 0.0000 9.2050
7.3537 0.0000 4.3828
17.8580 0.0000 10.6434
18.0180 0.0000 10.7388
8.0340 0.0000 4.7883
8.6196 0.0000 5.1373
7.6419 0.0000 4.5546
13.7766 0.0000 8.2109
6.8100 0.0000 4.0588
9.9375 0.0000 5.9227
9.2247 0.0000 5.4979
4.3779 0.0000 2.6092
7.8437 0.0000 4.6749
8.9922 0.0000 5.3594
5.5657 0.0000 3.3171
6.4110 0.0000 3.8210
13.3582 0.0000 7.9615
3.5399 0.0000 2.1098
8.0357 0.0000 4.7893
10.9588 0.0000 6.5314
8.6522 0.0000 5.1567
7.7031 0.0000 4.5910
14.9062 0.0000 8.8841
5.9653 0.0000 3.5553
12.1993 0.0000 7.2708
6.5398 0.0000 3.8977
6.5770 0.0000 3.9199
5.9031 0.0000 3.5183
7.2375 0.0000 4.3135
7.9950 0.0000 4.7650
10.1846 0.0000 6.0700
5.2060 0.0000 3.1028
6.4415 0.0000 3.8392
6.2633 0.0000 3.7329
15.6155 0.0000 9.3068
12.4255 0.0000 7.4056
12.0599 0.0000 7.1877
7.4384 0.0000 4.4333
3.8243 0.0000 2.2793
9.7009 0.0000 5.7817
5.1656 0.0000 3.0787
2.0334 0.0000 1.2119
7.6632 0.0000 4.5673
10.4156 0.0000 6.2077
9.2563 0.0000 5.5168
19.3652 0.0000 11.5416
6.3908 0.0000 3.8089
7.6098 0.0000 4.5354
6.3092 0.0000 3.7603
8.1192 0.0000 4.8390
6.7180 0.0000 4.0039
6.5165 0.0000 3.8838
13.6231 0.0000 8.1194
14.2061 0.0000 8.4668
6.5640 0.0000 3.9121
6.3270 0.0000 3.7709
6.7310 0.0000 4.0117
7.3489 0.0000 4.3799
3.9750 0.0000 2.3691
7.2765 0.0000 4.3368
12.3953 0.0000 7.3876
13.7018 0.0000 8.1663
10.5418 0.0000 6.2829
8.1049 0.0000 4.8305
11.4972 0.0000 6.8523
6.1723 0.0000 3.6787
4.5762 0.0000 2.7274
4.4100 0.0000 2.6284
10.6699 0.0000 6.3593
11.0710 0.0000 6.5983
15.3830 0.0000 9.1683
4.8095 0.0000 2.8665
5.9982 0.0000 3.5749
4.8095 0.0000 2.8664
6.9767 0.0000 4.1581
8.6307 0.0000 5.1439
12.7891 0.0000 7.6223
8.6426 0.0000 5.1510
8.4266 0.0000 5.0223
13.3424 0.0000 7.9521
13.9440 0.0000 8.3107
12.0679 0.0000 7.1925
15.7264 0.0000 9.3729
10.6282 0.0000 6.3344
11.7455 0.0000 7.0003
9.4023 0.0000 5.6038
12.0795 0.0000 7.1994
6.4623 0.0000 3.8515
12.0490 0.0000 7.1812
7.6229 0.0000 4.5432
8.4986 0.0000 5.0651
14.7311 0.0000 8.7797
16.0141 0.0000 9.5444
6.4324 0.0000 3.8337
9.0946 0.0000 5.4204
7.7418 0.0000 4.6141
6.7180 0.0000 4.0039
11.7946 0.0000 7.0296
11.2403 0.0000 6.6992
12.6006 0.0000 7.5100
3.9380 0.0000 2.3470
5.4388 0.0000 3.2415
11.5822 0.0000 6.9030
7.5338 0.0000 4.4901
6.2230 0.0000 3.7089
5.6138 0.0000 3.3458
11.8613 0.0000 7.0693
9.6801 0.0000 5.7693
7.2735 0.0000 4.3350
8.5474 0.0000 5.0943
6.7309 0.0000 4.0116
14.1419 0.0000 8.4286
7.1622 0.0000 4.2687
11.7096 0.0000 6.9789
6.5192 0.0000 3.8855
15.3567 0.0000 9.1526
10.0244 0.0000 5.9746
10.0560 0.0000 5.9934
7.2119 0.0000 4.2983
3.1190 0.0000 1.8589
13.7994 0.0000 8.2244
11.6091 0.0000 6.9190
6.0700 0.0000 3.6177
5.3229 0.0000 3.1725
11.2849 0.0000 6.7258
19.1050 0.0000 11.3866
8.2042 0.0000 4.8897
8.8486 0.0000 5.2738
18.1541 0.0000 10.8198
4.2840 0.0000 2.5533
14.8632 0.0000 8.8585
8.8476 0.0000 5.2732
13.3505 0.0000 7.9569
12.5727 0.0000 7.4933
20.9056 0.0000 12.4597
5.2875 0.0000 3.1514
8.6790 0.0000 5.1727
10.3009 0.0000 6.1393
8.6153 0.0000 5.1347
12.1543 0.0000 7.2440
9.5049 0.0000 5.6649
8.9813 0.0000 5.3528
10.9637 0.0000 6.5343
10.9273 0.0000 6.5127
13.6000 0.0000 8.1056
7.9535 0.0000 4.7403
6.7066 0.0000 3.9971
9.3476 0.0000 5.5712
12.5574 0.0000 7.4842
10.4880 0.0000 6.2508
7.3753 0.0000 4.3957
11.0858 0.0000 6.6071
4.5711 0.0000 2.7244
8.1870 0.0000 4.8794
15.6831 0.0000 9.3471
10.1223 0.0000 6.0329
11.2055 0.0000 6.6785
8.1911 0.0000 4.8819
8.9371 0.0000 5.3265
5.5585 0.0000 3.3129
9.5940 0.0000 5.7180
11.9550 0.0000 7.1252
12.5090 0.0000 7.4554
8.7108 0.0000 5.1917
6.5449 0.0000 3.9008
5.9909 0.0000 3.5706
4.6593 0.0000 2.7769
7.6139 0.0000 4.5379
9.2050 0.0000 5.4862
9.3034 0.0000 5.5448
11.5177 0.0000 6.8645
12.9300 0.0000 7.7063
16.9156 0.0000 10.0817
4.8046 0.0000 2.8636
9.8530 0.0000 5.8724
11.6292 0.0000 6.9310
9.4649 0.0000 5.6411
9.7083 0.0000 5.7861
3.9035 0.0000 2.3265
6.4224 0.0000 3.8278
10.0441 0.0000 5.9863
12.1163 0.0000 7.2213
15.1254 0.0000 9.0147
11.7609 0.0000 7.0095
11.2779 0.0000 6.7216
7.2308 0.0000 4.3096
14.9954 0.0000 8.9373
8.0969 0.0000 4.8258
7.4050 0.0000 4.4134
3.1316 0.0000 1.8664
11.1379 0.0000 6.6382
9.1495 0.0000 5.4531
10.4954 0.0000 6.2553
13.0291 0.0000 7.7653
9.6683 0.0000 5.7623
8.9550 0.0000 5.3372
10.3101 0.0000 6.1448
4.5413 0.0000 2.7066
8.1665 0.0000 4.8673
11.6866 0.0000 6.9652
8.3976 0.0000 5.0050
11.8695 0.0000 7.0742
6.1545 0.0000 3.6681
5.1804 0.0000 3.0875
19.3678 0.0000 11.5432
9.1802 0.0000 5.4714
7.2675 0.0000 4.3315
10.4282 0.0000 6.2152
11.8945 0.0000 7.0891
11.5581 0.0000 6.8886
11.7551 0.0000 7.0060
6.1570 0.0000 3.6696
6.2677 0.0000 3.7355
12.9666 0.0000 7.7281
10.2246 0.0000 6.0938
7.7625 0.0000 4.6264
9.1931 0.0000 5.4791
11.1615 0.0000 6.6522
8.4237 0.0000 5.0206
5.7401 0.0000 3.4211
7.0214 0.0000 4.1848
6.5277 0.0000 3.8905
13.2668 0.0000 7.9070
10.9999 0.0000 6.5559
7.1235 0.0000 4.2456
9.7236 0.0000 5.7953
14.1029 0.0000 8.4053
10.5715 0.0000 6.3006
6.5815 0.0000 3.9225
13.8590 0.0000 8.2599
15.3825 0.0000 9.1680
3.1339 0.0000 1.8678
12.2843 0.0000 7.3215
11.2340 0.0000 6.6955
14.5144 0.0000 8.6506
9.7952 0.0000 5.8380
7.4127 0.0000 4.4180
6.6815 0.0000 3.9821
16.8158 0.0000 10.0222
9.2262 0.0000 5.4988
11.4050 0.0000 6.7974
13.4129 0.0000 7.9941
9.8599 0.0000 5.8765
7.0118 0.0000 4.1790
10.1159 0.0000 6.0291
6.7271 0.0000 4.0093
10.0901 0.0000 6.0137
12.5071 0.0000 7.4542
4.1736 0.0000 2.4875
8.9454 0.0000 5.3315
7.3234 0.0000 4.3647
14.5150 0.0000 8.6509
4.0564 0.0000 2.4176
13.4593 0.0000 8.0218
7.5610 0.0000 4.5064
8.0079 0.0000 4.7727
10.5348 0.0000 6.2787
9.8687 0.0000 5.8818
8.3929 0.0000 5.0022
5.5782 0.0000 3.3246
12.0108 0.0000 7.1584
6.8788 0.0000 4.0998
7.7172 0.0000 4.5994
7.7055 0.0000 4.5925
9.8732 0.0000 5.8844
7.2232 0.0000 4.3050
10.5443 0.0000 6.2844
4.8310 0.0000 2.8793
9.0212 0.0000 5.3766
9.1849 0.0000 5.4742
12.1870 0.0000 7.2634
8.0260 0.0000 4.7835
14.3017 0.0000 8.5238
10.7858 0.0000 6.4283
6.4629 0.0000 3.8519
10.2491 0.0000 6.1085
6.1932 0.0000 3.6912
8.1316 0.0000 4.8465
16.1193 0.0000 9.6071
5.9503 0.0000 3.5464
8.5942 0.0000 5.1221
12.6854 0.0000 7.5605
6.6778 0.0000 3.9800
5.0934 0.0000 3.0357
4.1811 0.0000 2.4920
22.4093 0.0000 13.3559
6.5059 0.0000 3.8775
10.0415 0.0000 5.9847
8.0022 0.0000 4.7693
14.3311 0.0000 8.5413
12.4913 0.0000 7.4448
15.8003 0.0000 9.4170
10.0438 0.0000 5.9861
6.8496 0.0000 4.0824
6.8782 0.0000 4.0994
10.2615 0.0000 6.1159
9.8941 0.0000 5.8969
18.1408 0.0000 10.8119
14.0265 0.0000 8.3598
7.3719 0.0000 4.3937
9.4994 0.0000 5.6616
7.2860 0.0000 4.3424
8.3226 0.0000 4.9603
7.2373 0.0000 4.3135
10.1553 0.0000 6.0526
11.1113 0.0000 6.6224
10.7104 0.0000 6.3834
12.7896 0.0000 7.6226
11.0069 0.0000 6.5601
14.9013 0.0000 8.8812
11.0667 0.0000 6.5958
6.5601 0.0000 3.9098
13.0129 0.0000 7.7557
14.1719 0.0000 8.4464
10.1449 0.0000 6.0464
4.8820 0.0000 2.9097
15.1438 0.0000 9.0257
15.2218 0.0000 9.0722
12.4251 0.0000 7.4053
12.5004 0.0000 7.4503
10.5246 0.0000 6.2727
9.8629 0.0000 5.8783
14.8825 0.0000 8.8700
9.0149 0.0000 5.3729
19.6995 0.0000 11.7409
9.1560 0.0000 5.4570
17.4918 0.0000 10.4251
14.3811 0.0000 8.5711
8.2810 0.0000 4.9355
12.6478 0.0000 7.5381
10.4341 0.0000 6.2187
4.4932 0.0000 2.6780
9.3276 0.0000 5.5592
10.2848 0.0000 6.1298
9.3153 0.0000 5.5519
11.3157 0.0000 6.7442
6.3222 0.0000 3.7680
5.3931 0.0000 3.2143
9.8241 0.0000 5.8552
10.7785 0.0000 6.4240
9.2610 0.0000 5.5195
15.0504 0.0000 8.9700
6.2596 0.0000 3.7307
11.0726 0.0000 6.5992
16.6220 0.0000 9.9067
10.6474 0.0000 6.3459
11.1434 0.0000 6.6415
9.0541 0.0000 5.3963
16.2173 0.0000 9.6655
7.9951 0.0000 4.7651
12.3844 0.0000 7.3811
7.7363 0.0000 4.6108
4.6481 0.0000 2.7703
5.8126 0.0000 3.4643
5.3366 0.0000 3.1806
7.9918 0.0000 4.7631
7.5545 0.0000 4.5025
6.1010 0.0000 3.6362
13.1347 0.0000 7.8283
10.8698 0.0000 6.4784
9.8696 0.0000 5.8823
4.0536 0.0000 2.4160
18.5923 0.0000 11.0810
14.2899 0.0000 8.5168
11.3627 0.0000 6.7722
7.9174 0.0000 4.7188
12.6799 0.0000 7.5572
6.4297 0.0000 3.8321
4.3034 0.0000 2.5648
9.9810 0.0000 5.9486
6.0309 0.0000 3.5944
9.7818 0.0000 5.8300
14.0532 0.0000 8.3757
8.7757 0.0000 5.2303
8.2969 0.0000 4.9450
9.5204 0.0000 5.6742
5.5316 0.0000 3.2968
19.2579 0.0000 11.4777
10.4797 0.0000 6.2459
6.6447 0.0000 3.9603
4.0250 0.0000 2.3989
8.6681 0.0000 5.1662
5.0576 0.0000 3.0143
9.8073 0.0000 5.8452
9.8639 0.0000 5.8789
7.0225 0.0000 4.1854
10.6020 0.0000 6.3188
9.5353 0.0000 5.6830
26.0474 0.0000 15.5243
6.3909 0.0000 3.8090
14.7358 0.0000 8.7825
2.9842 0.0000 1.7786
14.6469 0.0000 8.7296
9.7734 0.0000 5.8249
9.2414 0.0000 5.5079
11.8447 0.0000 7.0595
13.5439 0.0000 8.0722
10.1176 0.0000 6.0301
14.1373 0.0000 8.4258
3.1372 0.0000 1.8698
9.7022 0.0000 5.7825
14.8490 0.0000 8.8500
10.1456 0.0000 6.0468
7.8003 0.0000 4.6490
7.7796 0.0000 4.6366
10.7937 0.0000 6.4330
14.2564 0.0000 8.4968
6.4564 0.0000 3.8480
8.6662 0.0000 5.1650
6.7816 0.0000 4.0418
14.4941 0.0000 8.6385
13.5853 0.0000 8.0968
8.1918 0.0000 4.8823
13.8816 0.0000 8.2734
10.3458 0.0000 6.1661
11.9150 0.0000 7.1014
9.0565 0.0000 5.3977
13.0153 0.0000 7.7571
10.5161 0.0000 6.2676
9.7264 0.0000 5.7969
7.0759 0.0000 4.2172
5.6496 0.0000 3.3671
6.1818 0.0000 3.6844
1.8280 0.0000 1.0895
13.4611 0.0000 8.0228
12.9726 0.0000 7.7316
8.5057 0.0000 5.0694
6.5955 0.0000 3.9309
10.5203 0.0000 6.2701
13.5369 0.0000 8.0680
10.1781 0.0000 6.0661
10.3714 0.0000 6.1814
12.8202 0.0000 7.6409
8.5535 0.0000 5.0979
9.1972 0.0000 5.4816
7.2638 0.0000 4.3292
11.1978 0.0000 6.6739
14.9268 0.0000 8.8964
6.1386 0.0000 3.6586
10.1866 0.0000 6.0712
6.1607 0.0000 3.6717
12.1810 0.0000 7.2599
6.1953 0.0000 3.6924
9.0104 0.0000 5.3702
8.3956 0.0000 5.0038
17.6448 0.0000 10.5163
12.5353 0.0000 7.4710
18.4612 0.0000 11.0029
8.7764 0.0000 5.2307
5.3439 0.0000 3.1850
15.5202 0.0000 9.2501
11.9809 0.0000 7.1406
8.1539 0.0000 4.8598
4.7684 0.0000 2.8419
6.8834 0.0000 4.1025
11.7112 0.0000 6.9799
11.4568 0.0000 6.8282
4.5308 0.0000 2.7003
13.0227 0.0000 7.7615
3.2764 0.0000 1.9528
7.2231 0.0000 4.3050
3.2419 0.0000 1.9322
15.1222 0.0000 9.0128
12.0173 0.0000 7.1623
7.2597 0.0000 4.3268
10.3956 0.0000 6.1958
13.7457 0.0000 8.1924
3.7824 0.0000 2.2543
10.5894 0.0000 6.3113
9.3616 0.0000 5.5795
10.4326 0.0000 6.2178
9.2672 0.0000 5.5233
17.0342 0.0000 10.1524
9.2549 0.0000 5.5159
4.1890 0.0000 2.4967
20.2887 0.0000 12.0921
12.4367 0.0000 7.4123
8.3151 0.0000 4.9558
11.2972 0.0000 6.7331
7.6301 0.0000 4.5475
9.5541 0.0000 5.6942
4.3652 0.0000 2.6017
7.7522 0.0000 4.6203
7.7354 0.0000 4.6103
7.1606 0.0000 4.2677
18.0645 0.0000 10.7665
8.2757 0.0000 4.9323
5.0312 0.0000 2.9986
5.7715 0.0000 3.4398
8.4131 0.0000 5.0142
6.0964 0.0000 3.6335
14.0510 0.0000 8.3744
5.1722 0.0000 3.0826
20.5105 0.0000 12.2243
6.2759 0.0000 3.7404
11.8992 0.0000 7.0919
11.8600 0.0000 7.0686
4.7009 0.0000 2.8018
14.3101 0.0000 8.5288
11.4809 0.0000 6.8426
13.5985 0.0000 8.1047
10.1235 0.0000 6.0336
5.2944 0.0000 3.1555
13.0721 0.0000 7.7910
12.0184 0.0000 7.1630
12.9370 0.0000 7.7105
4.5695 0.0000 2.7234
10.0228 0.0000 5.9736
18.1075 0.0000 10.7921
13.3112 0.0000 7.9335
8.1400 0.0000 4.8515
9.3921 0.0000 5.5977
5.9125 0.0000 3.5238
12.5817 0.0000 7.4987
13.4143 0.0000 7.9949
5.9540 0.0000 3.5486
10.4850 0.0000 6.2491
4.4079 0.0000 2.6271
12.0668 0.0000 7.1918
8.4329 0.0000 5.0260
10.0694 0.0000 6.0014
13.9112 0.0000 8.2911
5.8645 0.0000 3.4953
7.2105 0.0000 4.2975
7.8951 0.0000 4.7055
7.0386 0.0000 4.1950
11.8220 0.0000 7.0459
7.8122 0.0000 4.6561
15.0015 0.0000 8.9409
7.4211 0.0000 4.4230
11.4368 0.0000 6.8163
14.1335 0.0000 8.4236
16.1793 0.0000 9.6429
9.7188 0.0000 5.7924
16.2229 0.0000 9.6688
9.2875 0.0000 5.5354
12.4999 0.0000 7.4500
7.7738 0.0000 4.6332
9.1409 0.0000 5.4480
13.9420 0.0000 8.3095
14.5396 0.0000 8.6656
9.1463 0.0000 5.4512
15.7447 0.0000 9.3839
11.7384 0.0000 6.9961
8.1035 0.0000 4.8297
20.7379 0.0000 12.3598
7.6714 0.0000 4.5721
10.3650 0.0000 6.1775
14.8339 0.0000 8.8410
10.6551 0.0000 6.3505
11.6075 0.0000 6.9181
13.9734 0.0000 8.3281
6.2835 0.0000 3.7449
17.1007 0.0000 10.1920
9.2443 0.0000 5.5096
6.8140 0.0000 4.0612
13.5143 0.0000 8.0545
20.5135 0.0000 12.2261
14.8105 0.0000 8.8271
8.0650 0.0000 4.8068
16.2945 0.0000 9.7115
8.3516 0.0000 4.9776
9.0475 0.0000 5.3923
11.1383 0.0000 6.6384
9.5918 0.0000 5.7167
8.4049 0.0000 5.0093
5.4669 0.0000 3.2583
8.0432 0.0000 4.7938
6.8791 0.0000 4.0999
9.4041 0.0000 5.6049
17.1857 0.0000 10.2427
8.7483 0.0000 5.2140
5.5720 0.0000 3.3209
16.5441 0.0000 9.8603
17.3587 0.0000 10.3458
11.6773 0.0000 6.9597
14.0171 0.0000 8.3542
8.0989 0.0000 4.8270
14.4393 0.0000 8.6058
11.1199 0.0000 6.6275
19.1585 0.0000 11.4184
14.5499 0.0000 8.6717
11.9142 0.0000 7.1009
6.5306 0.0000 3.8922
10.2597 0.0000 6.1148
14.3440 0.0000 8.5490
10.1274 0.0000 6.0359
5.6548 0.0000 3.3702
21.1455 0.0000 12.6027
8.7242 0.0000 5.1996
3.3608 0.0000 2.0030
10.5437 0.0000 6.2841
9.7631 0.0000 5.8188
12.1543 0.0000 7.2440
7.8462 0.0000 4.6764
7.5467 0.0000 4.4978
9.5524 0.0000 5.6932
27.9653 0.0000 16.6673
10.1851 0.0000 6.0703
14.9631 0.0000 8.9180
13.2067 0.0000 7.8712
7.0661 0.0000 4.2114
10.5715 0.0000 6.3006
10.6676 0.0000 6.3579
7.0329 0.0000 4.1916
2.5995 0.0000 1.5493
9.1465 0.0000 5.4513
9.8462 0.0000 5.8683
20.9361 0.0000 12.4779
8.2559 0.0000 4.9205
18.3598 0.0000 10.9424
13.3219 0.0000 7.9399
8.7972 0.0000 5.2431
10.8208 0.0000 6.4492
11.3973 0.0000 6.7928
8.5982 0.0000 5.1245
9.2869 0.0000 5.5350
8.4878 0.0000 5.0587
16.4916 0.0000 9.8290
8.5005 0.0000 5.0663
10.0306 0.0000 5.9782
11.2433 0.0000 6.7010
12.6348 0.0000 7.5303
11.4847 0.0000 6.8449
8.6244 0.0000 5.1402
11.8463 0.0000 7.0604
7.2382 0.0000 4.3140
4.8663 0.0000 2.9003
8.4130 0.0000 5.0141
10.5926 0.0000 6.3132
15.6096 0.0000 9.3033
3.1901 0.0000 1.9013
7.5781 0.0000 4.5166
8.1016 0.0000 4.8285
8.1769 0.0000 4.8734
6.3365 0.0000 3.7766
12.3627 0.0000 7.3682
9.1829 0.0000 5.4730
14.3220 0.0000 8.5359
4.3393 0.0000 2.5862
12.1105 0.0000 7.2179
6.8661 0.0000 4.0922
13.6666 0.0000 8.1453
13.0411 0.0000 7.7725
8.4859 0.0000 5.0576
9.6924 0.0000 5.7767
9.6181 0.0000 5.7324
14.4833 0.0000 8.6321
4.8405 0.0000 2.8849
14.4321 0.0000 8.6015
14.9356 0.0000 8.9016
8.3085 0.0000 4.9519
11.1648 0.0000 6.6542
15.1367 0.0000 9.0214
15.3032 0.0000 9.1207
6.9429 0.0000 4.1380
7.5321 0.0000 4.4892
8.1633 0.0000 4.8654
3.3259 0.0000 1.9823
10.7463 0.0000 6.4048
10.3251 0.0000 6.1538
7.6379 0.0000 4.5522
14.2971 0.0000 8.5211
12.2411 0.0000 7.2957
8.8353 0.0000 5.2658
11.6831 0.0000 6.9632
19.9869 0.0000 11.9122
11.6064 0.0000 6.9174
3.5001 0.0000 2.0860
10.6052 0.0000 6.3207
18.8863 0.0000 11.2563
13.1393 0.0000 7.8310
14.4968 0.0000 8.6401
13.2764 0.0000 7.9127
1.7759 0.0000 1.0585
5.6200 0.0000 3.3495
12.1204 0.0000 7.2238
13.9040 0.0000 8.2868
15.9007 0.0000 9.4768
7.1059 0.0000 4.2351
5.6135 0.0000 3.3456
8.2816 0.0000 4.9358
11.3546 0.0000 6.7674
10.3473 0.0000 6.1670
13.2318 0.0000 7.8861
12.1096 0.0000 7.2173
12.1245 0.0000 7.2262
13.2514 0.0000 7.8978
10.5904 0.0000 6.3119
9.2837 0.0000 5.5331
12.9190 0.0000 7.6997
13.3207 0.0000 7.9391
6.3823 0.0000 3.8039
5.2679 0.0000 3.1397
13.5790 0.0000 8.0931
6.2533 0.0000 3.7269
10.6750 0.0000 6.3623
9.8510 0.0000 5.8712
5.4465 0.0000 3.2461
7.0919 0.0000 4.2267
9.3734 0.0000 5.5866
9.1302 0.0000 5.4416
9.1066 0.0000 5.4275
8.7208 0.0000 5.1976
11.0211 0.0000 6.5686
11.6474 0.0000 6.9418
10.6426 0.0000 6.3430
9.0591 0.0000 5.3992
10.3624 0.0000 6.1760
8.4749 0.0000 5.0510
6.1082 0.0000 3.6405
8.7006 0.0000 5.1856
9.1076 0.0000 5.4282
14.5310 0.0000 8.6605
8.4708 0.0000 5.0486
9.5971 0.0000 5.7199
10.2067 0.0000 6.0832
16.2749 0.0000 9.6998
13.0360 0.0000 7.7695
8.8928 0.0000 5.3001
10.0532 0.0000 5.9917
7.2785 0.0000 4.3380
4.9655 0.0000 2.9595
16.8771 0.0000 10.0587
31.8818 0.0000 19.0016
3.0569 0.0000 1.8219
9.6188 0.0000 5.7328
16.3168 0.0000 9.7248
12.4518 0.0000 7.4213
17.4589 0.0000 10.4055
12.4616 0.0000 7.4271
9.4687 0.0000 5.6434
13.7063 0.0000 8.1690
5.7571 0.0000 3.4312
10.4534 0.0000 6.2302
9.5648 0.0000 5.7006
10.8785 0.0000 6.4836
15.1144 0.0000 9.0082
14.3417 0.0000 8.5477
10.2556 0.0000 6.1123
18.3820 0.0000 10.9557
12.5351 0.0000 7.4709
6.4037 0.0000 3.8166
14.5475 0.0000 8.6703
9.6965 0.0000 5.7791
16.5188 0.0000 9.8452
10.7043 0.0000 6.3797
8.8654 0.0000 5.2838
12.1182 0.0000 7.2224
16.4549 0.0000 9.8071
9.7791 0.0000 5.8284
16.0797 0.0000 9.5835
9.2358 0.0000 5.5045
7.5960 0.0000 4.5272
10.4271 0.0000 6.2145
8.8056 0.0000 5.2482
11.4914 0.0000 6.8489
4.7102 0.0000 2.8073
8.0456 0.0000 4.7952
10.9997 0.0000 6.5558
6.8985 0.0000 4.1115
3.9101 0.0000 2.3304
7.7022 0.0000 4.5905
7.8304 0.0000 4.6669
15.3318 0.0000 9.1377
2.9603 0.0000 1.7644
9.7181 0.0000 5.7920
4.6830 0.0000 2.7911
9.5446 0.0000 5.6886
8.0095 0.0000 4.7737
7.5128 0.0000 4.4776
5.3188 0.0000 3.1700
11.0590 0.0000 6.5912
7.2272 0.0000 4.3074
12.7429 0.0000 7.5947
6.9353 0.0000 4.1334
5.5709 0.0000 3.3202
20.5092 0.0000 12.2235
7.9305 0.0000 4.7266
12.0259 0.0000 7.1674
8.0453 0.0000 4.7950
11.3098 0.0000 6.7406
12.1304 0.0000 7.2297
9.8839 0.0000 5.8908
16.4175 0.0000 9.7848
8.1824 0.0000 4.8767
8.3646 0.0000 4.9853
3.9022 0.0000 2.3257
6.7618 0.0000 4.0300
15.0721 0.0000 8.9830
11.7280 0.0000 6.9899
7.5253 0.0000 4.4851
10.4662 0.0000 6.2379
7.4076 0.0000 4.4150
11.3424 0.0000 6.7601
11.7688 0.0000 7.0142
11.9843 0.0000 7.1426
14.9572 0.0000 8.9145
6.4422 0.0000 3.8396
13.9681 0.0000 8.3250
15.1019 0.0000 9.0007
9.7335 0.0000 5.8012
13.2437 0.0000 7.8932
4.9493 0.0000 2.9498
7.0872 0.0000 4.2240
7.0883 0.0000 4.2246
11.3403 0.0000 6.7588
10.4564 0.0000 6.2320
10.2043 0.0000 6.0818
8.2016 0.0000 4.8882
16.7223 0.0000 9.9665
9.9712 0.0000 5.9428
17.6923 0.0000 10.5446
5.3376 0.0000 3.1812
8.1881 0.0000 4.8801
8.8633 0.0000 5.2825
6.9868 0.0000 4.1641
9.0102 0.0000 5.3701
8.7655 0.0000 5.2242
6.6126 0.0000 3.9411
4.9537 0.0000 2.9524
13.5799 0.0000 8.0936
10.6992 0.0000 6.3767
11.8461 0.0000 7.0603
12.8825 0.0000 7.6780
12.8138 0.0000 7.6370
14.0046 0.0000 8.3467
9.2059 0.0000 5.4867
17.4777 0.0000 10.4167
5.7579 0.0000 3.4317
11.0146 0.0000 6.5647
3.1749 0.0000 1.8922
7.4902 0.0000 4.4642
6.8040 0.0000 4.0552
8.3992 0.0000 5.0059
12.1253 0.0000 7.2267
10.4209 0.0000 6.2109
11.0304 0.0000 6.5741
16.0289 0.0000 9.5533
7.3185 0.0000 4.3618
7.1541 0.0000 4.2638
4.6557 0.0000 2.7748
11.8264 0.0000 7.0485
10.9119 0.0000 6.5035
8.0371 0.0000 4.7901
11.3052 0.0000 6.7379
9.8201 0.0000 5.8528
9.7043 0.0000 5.7837
10.5426 0.0000 6.2834
7.1052 0.0000 4.2347
12.1503 0.0000 7.2416
11.8385 0.0000 7.0557
17.9191 0.0000 10.6798
22.5969 0.0000 13.4677
17.1084 0.0000 10.1966
11.3601 0.0000 6.7706
23.3105 0.0000 13.8931
13.3046 0.0000 7.9295
4.1204 0.0000 2.4558
8.6556 0.0000 5.1587
11.4092 0.0000 6.7999
8.8567 0.0000 5.2786
6.9605 0.0000 4.1485
13.9296 0.0000 8.3020
10.5684 0.0000 6.2988
8.4527 0.0000 5.0378
11.1128 0.0000 6.6232
9.8502 0.0000 5.8707
21.8542 0.0000 13.0251
3.0386 0.0000 1.8110
8.0506 0.0000 4.7982
15.0720 0.0000 8.9829
10.3806 0.0000 6.1868
9.1938 0.0000 5.4795
10.5102 0.0000 6.2641
10.9753 0.0000 6.5413
4.5687 0.0000 2.7229
9.8715 0.0000 5.8834
20.0936 0.0000 11.9758
7.7140 0.0000 4.5976
17.6224 0.0000 10.5030
6.9809 0.0000 4.1606
9.7352 0.0000 5.8022
21.1960 0.0000 12.6328
7.3974 0.0000 4.4088
6.6555 0.0000 3.9667
13.5987 0.0000 8.1049
15.0553 0.0000 8.9729
7.3516 0.0000 4.3815
13.1076 0.0000 7.8121
10.6983 0.0000 6.3762
12.4820 0.0000 7.4392
9.0208 0.0000 5.3764
6.5875 0.0000 3.9261
5.0237 0.0000 2.9941
5.8069 0.0000 3.4609
7.9855 0.0000 4.7593
6.0747 0.0000 3.6205
17.6592 0.0000 10.5249
9.9963 0.0000 5.9578
11.7375 0.0000 6.9955
11.5207 0.0000 6.8663
11.7945 0.0000 7.0295
8.4454 0.0000 5.0335
6.8835 0.0000 4.1026
12.0421 0.0000 7.1771
6.0285 0.0000 3.5930
4.3830 0.0000 2.6122
6.6279 0.0000 3.9503
15.2149 0.0000 9.0681
6.9911 0.0000 4.1667
9.2604 0.0000 5.5192
12.0050 0.0000 7.1550
12.3656 0.0000 7.3699
10.3583 0.0000 6.1736
7.7074 0.0000 4.5936
9.1967 0.0000 5.4812
3.5071 0.0000 2.0902
15.4255 0.0000 9.1936
14.3313 0.0000 8.5414
7.5223 0.0000 4.4833
10.4045 0.0000 6.2011
11.0423 0.0000 6.5812
13.3511 0.0000 7.9573
15.4581 0.0000 9.2131
4.6294 0.0000 2.7591
12.1358 0.0000 7.2330
10.7199 0.0000 6.3891
9.6837 0.0000 5.7715
11.9062 0.0000 7.0961
8.1826 0.0000 4.8768
7.5255 0.0000 4.4852
17.1342 0.0000 10.2120
3.8793 0.0000 2.3121
6.7252 0.0000 4.0082
6.4878 0.0000 3.8667
14.7193 0.0000 8.7727
7.9845 0.0000 4.7588
13.7409 0.0000 8.1896
8.1008 0.0000 4.8280
13.3123 0.0000 7.9341
8.4878 0.0000 5.0587
9.2846 0.0000 5.5336
11.3198 0.0000 6.7466
4.2723 0.0000 2.5463
9.3408 0.0000 5.5671
10.3020 0.0000 6.1400
14.6091 0.0000 8.7070
11.3876 0.0000 6.7870
6.7598 0.0000 4.0288
19.2707 0.0000 11.4853
10.0032 0.0000 5.9619
6.3788 0.0000 3.8018
8.0853 0.0000 4.8188
10.0219 0.0000 5.9731
6.5523 0.0000 3.9052
17.5894 0.0000 10.4833
13.7143 0.0000 8.1737
12.0497 0.0000 7.1816
10.7836 0.0000 6.4270
8.5753 0.0000 5.1109
14.2727 0.0000 8.5065
18.1290 0.0000 10.8049
3.1813 0.0000 1.8961
7.8482 0.0000 4.6775
11.7180 0.0000 6.9840
7.6364 0.0000 4.5513
8.7179 0.0000 5.1959
12.4249 0.0000 7.4052
10.3519 0.0000 6.1697
14.6958 0.0000 8.7587
7.2908 0.0000 4.3453
21.2343 0.0000 12.6556
11.1491 0.0000 6.6449
7.3845 0.0000 4.4012
9.7494 0.0000 5.8106
11.5062 0.0000 6.8577
7.3939 0.0000 4.4068
9.0937 0.0000 5.4198
16.9954 0.0000 10.1293
11.1191 0.0000 6.6270
12.5840 0.0000 7.5000
15.1845 0.0000 9.0499
4.6612 0.0000 2.7781
10.5992 0.0000 6.3171
13.8628 0.0000 8.2622
9.7001 0.0000 5.7813
11.7693 0.0000 7.0145
11.7179 0.0000 6.9839
9.6938 0.0000 5.7775
9.2813 0.0000 5.5317
12.5722 0.0000 7.4930
7.5491 0.0000 4.4992
9.5633 0.0000 5.6997
15.6479 0.0000 9.3262
12.1176 0.0000 7.2221
7.4568 0.0000 4.4443
10.2255 0.0000 6.0944
6.3999 0.0000 3.8143
12.7176 0.0000 7.5797
12.2324 0.0000 7.2905
11.8451 0.0000 7.0597
8.1283 0.0000 4.8445
4.4905 0.0000 2.6763
13.9201 0.0000 8.2964
21.2323 0.0000 12.6545
7.9188 0.0000 4.7196
8.4488 0.0000 5.0355
5.9478 0.0000 3.5449
8.6662 0.0000 5.1650
24.8350 0.0000 14.8016
20.2724 0.0000 12.0823
11.4182 0.0000 6.8053
7.0166 0.0000 4.1819
14.1243 0.0000 8.4181
15.5951 0.0000 9.2947
11.4851 0.0000 6.8451
8.7433 0.0000 5.2110
11.4782 0.0000 6.8410
5.4799 0.0000 3.2660
9.7293 0.0000 5.7987
2.6970 0.0000 1.6074
7.2170 0.0000 4.3013
8.7492 0.0000 5.2145
9.2869 0.0000 5.5350
6.7162 0.0000 4.0029
4.7882 0.0000 2.8538
6.6614 0.0000 3.9702
8.3944 0.0000 5.0030
4.7962 0.0000 2.8585
13.7380 0.0000 8.1879
15.1185 0.0000 9.0106
15.9403 0.0000 9.5004
21.0706 0.0000 12.5581
18.3660 0.0000 10.9461
3.9747 0.0000 2.3689
9.9833 0.0000 5.9501
3.4377 0.0000 2.0488
11.6138 0.0000 6.9218
10.2666 0.0000 6.1189
18.5968 0.0000 11.0837
15.1509 0.0000 9.0299
10.2847 0.0000 6.1297
7.3378 0.0000 4.3733
8.5361 0.0000 5.0875
16.2275 0.0000 9.6716
2.2095 0.0000 1.3168
7.7867 0.0000 4.6409
11.2670 0.0000 6.7151
12.7603 0.0000 7.6052
11.1671 0.0000 6.6556
10.0434 0.0000 5.9859
8.3162 0.0000 4.9564
23.7556 0.0000 14.1583
11.5868 0.0000 6.9057
10.4874 0.0000 6.2505
11.4994 0.0000 6.8536
5.4588 0.0000 3.2535
9.5571 0.0000 5.6960
8.1262 0.0000 4.8432
10.1469 0.0000 6.0476
7.6562 0.0000 4.5631
6.5824 0.0000 3.9231
7.5687 0.0000 4.5109
22.6394 0.0000 13.4931
7.3862 0.0000 4.4021
12.6127 0.0000 7.5172
11.9018 0.0000 7.0935
8.3742 0.0000 4.9910
8.1421 0.0000 4.8527
11.5226 0.0000 6.8675
7.8602 0.0000 4.6847
2.8436 0.0000 1.6948
4.9821 0.0000 2.9693
14.8157 0.0000 8.8302
8.2408 0.0000 4.9115
7.8986 0.0000 4.7076
17.2585 0.0000 10.2861
15.5074 0.0000 9.2424
13.6409 0.0000 8.1300
9.1405 0.0000 5.4477
8.8727 0.0000 5.2882
14.6428 0.0000 8.7271
7.3957 0.0000 4.4078
8.6997 0.0000 5.1850
6.9514 0.0000 4.1430
10.0911 0.0000 6.0143
12.8685 0.0000 7.6696
11.2519 0.0000 6.7061
7.4962 0.0000 4.4677
13.1463 0.0000 7.8352
14.9155 0.0000 8.8897
10.0566 0.0000 5.9938
9.3402 0.0000 5.5668
10.4136 0.0000 6.2065
9.3290 0.0000 5.5601
12.3229 0.0000 7.3445
5.4296 0.0000 3.2360
17.0707 0.0000 10.1742
13.3704 0.0000 7.9687
6.1027 0.0000 3.6372
14.2335 0.0000 8.4832
4.4294 0.0000 2.6399
5.5748 0.0000 3.3226
0.6284 0.0000 0.3745
9.7631 0.0000 5.8188
6.1100 0.0000 3.6416
9.3607 0.0000 5.5790
5.9632 0.0000 3.5541
7.9062 0.0000 4.7121
5.7598 0.0000 3.4328
12.3644 0.0000 7.3692
10.8459 0.0000 6.4641
8.4279 0.0000 5.0231
11.7708 0.0000 7.0154
7.7897 0.0000 4.6427
7.7263 0.0000 4.6049
11.3441 0.0000 6.7611
7.9721 0.0000 4.7514
6.4627 0.0000 3.8518
8.0347 0.0000 4.7887
6.6921 0.0000 3.9885
13.1438 0.0000 7.8337
9.3351 0.0000 5.5637
9.5127 0.0000 5.6696
11.2707 0.0000 6.7173
8.9629 0.0000 5.3419
13.0082 0.0000 7.7529
7.7638 0.0000 4.6272
12.2425 0.0000 7.2965
8.6242 0.0000 5.1400
6.2397 0.0000 3.7188
6.4231 0.0000 3.8282
11.8223 0.0000 7.0461
8.8277 0.0000 5.2613
10.9826 0.0000 6.5456
5.6090 0.0000 3.3429
19.7435 0.0000 11.7671
6.7343 0.0000 4.0137
5.9071 0.0000 3.5206
9.6915 0.0000 5.7761
7.2015 0.0000 4.2921
14.1685 0.0000 8.4444
17.4719 0.0000 10.4132
5.1841 0.0000 3.0897
15.1031 0.0000 9.0014
9.2675 0.0000 5.5234
9.6315 0.0000 5.7404
8.9804 0.0000 5.3523
12.9164 0.0000 7.6982
10.5310 0.0000 6.2765
8.3999 0.0000 5.0064
9.5387 0.0000 5.6851
9.9856 0.0000 5.9514
12.0017 0.0000 7.1530
6.2658 0.0000 3.7344
10.7200 0.0000 6.3891
10.0586 0.0000 5.9949
3.7756 0.0000 2.2502
5.8215 0.0000 3.4696
23.2010 0.0000 13.8278
8.3366 0.0000 4.9686
11.4264 0.0000 6.8101
4.1227 0.0000 2.4571
10.3240 0.0000 6.1531
4.7471 0.0000 2.8293
10.0929 0.0000 6.0154
8.8251 0.0000 5.2598
7.9229 0.0000 4.7221
16.1927 0.0000 9.6508
9.7769 0.0000 5.8270
11.2585 0.0000 6.7101
10.8710 0.0000 6.4791
8.2369 0.0000 4.9092
5.7246 0.0000 3.4119
9.7888 0.0000 5.8341
12.4056 0.0000 7.3938
10.7833 0.0000 6.4268
12.4872 0.0000 7.4423
2.8372 0.0000 1.6909
8.5620 0.0000 5.1030
11.1581 0.0000 6.6503
5.5889 0.0000 3.3310
13.3282 0.0000 7.9436
9.6673 0.0000 5.7617
12.0623 0.0000 7.1891
17.3361 0.0000 10.3323
5.6373 0.0000 3.3598
9.6851 0.0000 5.7723
10.1931 0.0000 6.0751
7.1485 0.0000 4.2605
8.7803 0.0000 5.2330
6.7959 0.0000 4.0504
10.8912 0.0000 6.4911
11.1967 0.0000 6.6733
11.8441 0.0000 7.0591
15.3277 0.0000 9.1353
14.5585 0.0000 8.6768
5.9079 0.0000 3.5211
8.0237 0.0000 4.7821
10.8096 0.0000 6.4425
15.6584 0.0000 9.3324
7.8983 0.0000 4.7074
3.6241 0.0000 2.1599
16.2789 0.0000 9.7022
13.3620 0.0000 7.9637
11.8663 0.0000 7.0723
14.4033 0.0000 8.5844
13.8778 0.0000 8.2712
13.1049 0.0000 7.8105
10.8159 0.0000 6.4463
8.2178 0.0000 4.8978
15.6241 0.0000 9.3120
6.6495 0.0000 3.9631
13.4033 0.0000 7.9883
9.9636 0.0000 5.9383
9.2378 0.0000 5.5057
5.8933 0.0000 3.5124
6.5385 0.0000 3.8969
13.9511 0.0000 8.3149
9.9098 0.0000 5.9063
7.5995 0.0000 4.5293
11.3753 0.0000 6.7797
8.3995 0.0000 5.0061
6.1475 0.0000 3.6639
14.0645 0.0000 8.3824
5.2646 0.0000 3.1377
11.0306 0.0000 6.5742
6.6605 0.0000 3.9697
3.8859 0.0000 2.3160
8.9022 0.0000 5.3057
10.7790 0.0000 6.4243
21.6370 0.0000 12.8956
13.2491 0.0000 7.8965
12.0641 0.0000 7.1902
11.8106 0.0000 7.0391
7.5317 0.0000 4.4889
9.5630 0.0000 5.6996
9.2617 0.0000 5.5199
9.8497 0.0000 5.8704
17.4934 0.0000 10.4260
15.4192 0.0000 9.1899
7.9158 0.0000 4.7178
17.1440 0.0000 10.2178
14.6051 0.0000 8.7047
17.5212 0.0000 10.4426
13.5031 0.0000 8.0478
4.6129 0.0000 2.7493
9.1803 0.0000 5.4715
8.5663 0.0000 5.1055
12.2696 0.0000 7.3127
10.7281 0.0000 6.3939
10.6039 0.0000 6.3199
14.2004 0.0000 8.4635
9.8200 0.0000 5.8527
15.9633 0.0000 9.5141
11.6866 0.0000 6.9652
7.8254 0.0000 4.6640
8.2870 0.0000 4.9391
5.7746 0.0000 3.4417
8.3957 0.0000 5.0038
13.4695 0.0000 8.0278
6.5944 0.0000 3.9303
7.1851 0.0000 4.2823
16.6722 0.0000 9.9367
14.0414 0.0000 8.3687
12.5379 0.0000 7.4726
13.6105 0.0000 8.1119
14.6017 0.0000 8.7026
8.1062 0.0000 4.8313
6.9670 0.0000 4.1523
4.8576 0.0000 2.8951
6.9096 0.0000 4.1181
12.9945 0.0000 7.7447
9.2755 0.0000 5.5282
15.3250 0.0000 9.1337
12.2468 0.0000 7.2991
18.7584 0.0000 11.1800
11.4450 0.0000 6.8212
8.4075 0.0000 5.0109
10.0952 0.0000 6.0167
9.2212 0.0000 5.4958
28.9557 0.0000 17.2576
8.5232 0.0000 5.0798
9.3984 0.0000 5.6015
13.5447 0.0000 8.0726
9.5067 0.0000 5.6660
17.5223 0.0000 10.4433
16.9920 0.0000 10.1272
2.5582 0.0000 1.5247
9.7258 0.0000 5.7966
11.1283 0.0000 6.6325
9.0555 0.0000 5.3971
5.3558 0.0000 3.1920
7.8719 0.0000 4.6917
6.3148 0.0000 3.7636
10.0731 0.0000 6.0036
9.0075 0.0000 5.3685
10.2459 0.0000 6.1065
11.6181 0.0000 6.9244
13.4010 0.0000 7.9870
8.7386 0.0000 5.2082
14.6888 0.0000 8.7545
14.4733 0.0000 8.6261
10.8131 0.0000 6.4446
17.9527 0.0000 10.6998
12.1840 0.0000 7.2617
9.4992 0.0000 5.6615
7.2609 0.0000 4.3275
6.6244 0.0000 3.9481
13.3918 0.0000 7.9815
8.7933 0.0000 5.2408
12.8069 0.0000 7.6329
11.5947 0.0000 6.9104
6.3327 0.0000 3.7743
13.8150 0.0000 8.2338
7.5029 0.0000 4.4717
13.5869 0.0000 8.0978
5.5267 0.0000 3.2939
10.7233 0.0000 6.3911
13.0032 0.0000 7.7499
13.6372 0.0000 8.1278
9.2648 0.0000 5.5218
11.2933 0.0000 6.7308
12.0922 0.0000 7.2069
15.6997 0.0000 9.3570
5.4394 0.0000 3.2419
16.1215 0.0000 9.6084
10.7335 0.0000 6.3972
12.4105 0.0000 7.3966
5.1095 0.0000 3.0452
5.5211 0.0000 3.2906
15.4798 0.0000 9.2260
11.2331 0.0000 6.6949
7.6689 0.0000 4.5707
6.6677 0.0000 3.9740
12.3755 0.0000 7.3758
3.3558 0.0000 2.0000
13.7672 0.0000 8.2052
5.6458 0.0000 3.3649
10.8369 0.0000 6.4588
12.6491 0.0000 7.5389
8.0291 0.0000 4.7853
5.5499 0.0000 3.3077
9.6320 0.0000 5.7406
4.1433 0.0000 2.4694
8.2712 0.0000 4.9296
11.0379 0.0000 6.5786
12.4432 0.0000 7.4162
4.7977 0.0000 2.8594
5.5818 0.0000 3.3268
19.8897 0.0000 11.8543
5.8715 0.0000 3.4994
4.9960 0.0000 2.9776
3.6514 0.0000 2.1762
9.1545 0.0000 5.4561
9.1180 0.0000 5.4344
11.4027 0.0000 6.7960
18.7183 0.0000 11.1561
20.9029 0.0000 12.4581
14.4774 0.0000 8.6285
8.5018 0.0000 5.0671
9.8280 0.0000 5.8575
8.3515 0.0000 4.9775
8.1417 0.0000 4.8525
3.9708 0.0000 2.3666
9.7754 0.0000 5.8261
11.3418 0.0000 6.7597
5.5748 0.0000 3.3226
6.3724 0.0000 3.7979
15.5190 0.0000 9.2493
9.6745 0.0000 5.7660
19.9975 0.0000 11.9185
14.5477 0.0000 8.6704
22.3839 0.0000 13.3408
9.5232 0.0000 5.6758
10.9817 0.0000 6.5451
20.5616 0.0000 12.2547
8.9624 0.0000 5.3416
8.8518 0.0000 5.2757
21.9396 0.0000 13.0760
22.6300 0.0000 13.4875
9.6343 0.0000 5.7420
15.9457 0.0000 9.5036
14.6224 0.0000 8.7149
16.1705 0.0000 9.6376
4.7291 0.0000 2.8185
5.1436 0.0000 3.0656
6.3335 0.0000 3.7748
6.5028 0.0000 3.8757
4.9936 0.0000 2.9762
5.7380 0.0000 3.4198
7.4187 0.0000 4.4215
22.0705 0.0000 13.1540
16.4483 0.0000 9.8032
10.5309 0.0000 6.2764
9.7360 0.0000 5.8026
10.4051 0.0000 6.2015
10.2719 0.0000 6.1221
9.9523 0.0000 5.9316
11.3049 0.0000 6.7377
13.0170 0.0000 7.7581
11.6675 0.0000 6.9538
9.3732 0.0000 5.5864
11.8757 0.0000 7.0779
13.5826 0.0000 8.0952
10.1279 0.0000 6.0362
6.4783 0.0000 3.8611
7.5720 0.0000 4.5129
9.5801 0.0000 5.7098
8.3185 0.0000 4.9579
21.3660 0.0000 12.7341
8.9133 0.0000 5.3123
15.9026 0.0000 9.4780
8.5186 0.0000 5.0771
22.5986 0.0000 13.4687
13.1186 0.0000 7.8187
7.9436 0.0000 4.7344
14.9988 0.0000 8.9393
12.0330 0.0000 7.1717
7.8276 0.0000 4.6653
9.1462 0.0000 5.4512
16.4286 0.0000 9.7914
8.4679 0.0000 5.0469
9.1257 0.0000 5.4389
7.8863 0.0000 4.7003
8.5710 0.0000 5.1083
12.2724 0.0000 7.3143
8.1190 0.0000 4.8389
6.1290 0.0000 3.6529
14.3473 0.0000 8.5510
12.6685 0.0000 7.5504
10.6676 0.0000 6.3579
7.4394 0.0000 4.4339
11.2313 0.0000 6.6939
10.6271 0.0000 6.3337
15.4063 0.0000 9.1822
14.7804 0.0000 8.8091
16.2229 0.0000 9.6689
13.1295 0.0000 7.8252
6.0520 0.0000 3.6070
13.8255 0.0000 8.2400
12.2092 0.0000 7.2767
9.3941 0.0000 5.5989
6.5215 0.0000 3.8868
6.7844 0.0000 4.0435
15.5608 0.0000 9.2742
8.2845 0.0000 4.9375
5.9182 0.0000 3.5272
12.8459 0.0000 7.6562
20.0495 0.0000 11.9495
9.2839 0.0000 5.5332
13.5637 0.0000 8.0840
12.1509 0.0000 7.2419
12.8110 0.0000 7.6354
14.5525 0.0000 8.6733
4.9699 0.0000 2.9621
9.2665 0.0000 5.5228
17.0238 0.0000 10.1462
9.5810 0.0000 5.7103
11.4749 0.0000 6.8391
19.8755 0.0000 11.8458
8.0380 0.0000 4.7907
11.1369 0.0000 6.6376
12.8760 0.0000 7.6741
10.6274 0.0000 6.3339
6.5001 0.0000 3.8741
14.9354 0.0000 8.9015
12.8775 0.0000 7.6750
13.4575 0.0000 8.0207
6.4095 0.0000 3.8201
7.1743 0.0000 4.2759
14.5859 0.0000 8.6932
8.5226 0.0000 5.0795
15.5774 0.0000 9.2841
9.9986 0.0000 5.9592
8.9785 0.0000 5.3512
14.5633 0.0000 8.6797
18.4198 0.0000 10.9782
10.6075 0.0000 6.3221
10.7049 0.0000 6.3801
17.6048 0.0000 10.4925
9.9077 0.0000 5.9050
5.4568 0.0000 3.2523
8.0987 0.0000 4.8268
18.4432 0.0000 10.9921
13.2738 0.0000 7.9112
13.4090 0.0000 7.9918
19.8366 0.0000 11.8226
6.6190 0.0000 3.9449
13.1045 0.0000 7.8103
14.6237 0.0000 8.7158
13.5989 0.0000 8.1050
6.5028 0.0000 3.8757
10.5511 0.0000 6.2884
19.5935 0.0000 11.6777
7.3799 0.0000 4.3984
12.6069 0.0000 7.5137
16.4394 0.0000 9.7979
4.1961 0.0000 2.5009
10.0198 0.0000 5.9718
12.7303 0.0000 7.5872
8.4075 0.0000 5.0109
14.1741 0.0000 8.4477
5.7101 0.0000 3.4032
12.9955 0.0000 7.7453
4.9070 0.0000 2.9246
7.6134 0.0000 4.5376
18.0528 0.0000 10.7595
6.8939 0.0000 4.1088
8.0509 0.0000 4.7983
11.2268 0.0000 6.6912
19.2948 0.0000 11.4997
10.1770 0.0000 6.0655
10.3938 0.0000 6.1947
18.1904 0.0000 10.8415
8.3557 0.0000 4.9800
12.2416 0.0000 7.2960
10.4275 0.0000 6.2148
8.0575 0.0000 4.8023
14.7970 0.0000 8.8190
9.2688 0.0000 5.5242
15.2753 0.0000 9.1041
4.8233 0.0000 2.8747
14.6802 0.0000 8.7494
14.6797 0.0000 8.7491
18.8635 0.0000 11.2426
4.7061 0.0000 2.8048
7.0729 0.0000 4.2154
12.8932 0.0000 7.6844
20.4487 0.0000 12.1874
7.6774 0.0000 4.5757
13.7477 0.0000 8.1936
12.1448 0.0000 7.2383
11.4615 0.0000 6.8310
6.8425 0.0000 4.0782
16.7003 0.0000 9.9534
12.4333 0.0000 7.4102
6.2648 0.0000 3.7338
14.2723 0.0000 8.5063
11.3938 0.0000 6.7907
9.0074 0.0000 5.3684
9.0122 0.0000 5.3713
8.2956 0.0000 4.9442
3.7602 0.0000 2.2411
11.2113 0.0000 6.6819
11.0469 0.0000 6.5840
10.3625 0.0000 6.1761
6.8182 0.0000 4.0636
5.0354 0.0000 3.0011
12.3159 0.0000 7.3403
11.2018 0.0000 6.6763
11.3648 0.0000 6.7734
13.2914 0.0000 7.9217
9.2364 0.0000 5.5049
13.1593 0.0000 7.8430
5.3482 0.0000 3.1875
17.1092 0.0000 10.1971
11.7497 0.0000 7.0028
13.0132 0.0000 7.7558
8.9682 0.0000 5.3450
10.1252 0.0000 6.0346
12.6537 0.0000 7.5416
9.6912 0.0000 5.7760
12.1816 0.0000 7.2603
6.4856 0.0000 3.8654
11.2332 0.0000 6.6950
8.3589 0.0000 4.9819
11.8651 0.0000 7.0716
7.8011 0.0000 4.6494
4.7592 0.0000 2.8365
16.6227 0.0000 9.9071
5.6888 0.0000 3.3905
7.9017 0.0000 4.7094
9.3355 0.0000 5.5640
3.8150 0.0000 2.2738
15.5078 0.0000 9.2426
13.1751 0.0000 7.8524
8.3841 0.0000 4.9969
19.2892 0.0000 11.4963
12.3970 0.0000 7.3886
7.3592 0.0000 4.3861
13.7973 0.0000 8.2232
14.1143 0.0000 8.4121
2.4622 0.0000 1.4675
10.5474 0.0000 6.2862
12.7137 0.0000 7.5774
12.8530 0.0000 7.6604
12.3490 0.0000 7.3600
8.8855 0.0000 5.2958
14.1393 0.0000 8.4270
13.6757 0.0000 8.1507
11.1485 0.0000 6.6445
17.4016 0.0000 10.3714
9.3060 0.0000 5.5464
5.7688 0.0000 3.4382
7.4595 0.0000 4.4459
11.5720 0.0000 6.8969
12.6767 0.0000 7.5553
6.2376 0.0000 3.7176
13.0878 0.0000 7.8003
8.4182 0.0000 5.0172
14.2528 0.0000 8.4947
11.4686 0.0000 6.8353
12.5767 0.0000 7.4957
14.3617 0.0000 8.5596
6.6163 0.0000 3.9433
7.6291 0.0000 4.5470
11.6159 0.0000 6.9231
13.2726 0.0000 7.9105
11.2800 0.0000 6.7229
11.3118 0.0000 6.7419
10.9707 0.0000 6.5386
21.0230 0.0000 12.5297
10.6597 0.0000 6.3532
13.1273 0.0000 7.8238
7.4679 0.0000 4.4509
8.9895 0.0000 5.3578
6.0931 0.0000 3.6315
13.7869 0.0000 8.2170
6.5676 0.0000 3.9143
7.3731 0.0000 4.3943
12.3084 0.0000 7.3358
15.9109 0.0000 9.4829
9.2289 0.0000 5.5004
9.6542 0.0000 5.7539
9.8773 0.0000 5.8869
5.3367 0.0000 3.1807
14.5477 0.0000 8.6704
10.2944 0.0000 6.1355
7.4118 0.0000 4.4174
11.2719 0.0000 6.7181
19.0084 0.0000 11.3290
11.4775 0.0000 6.8406
4.4468 0.0000 2.6503
9.0506 0.0000 5.3942
9.8593 0.0000 5.8761
7.3932 0.0000 4.4064
3.1256 0.0000 1.8629
2.2325 0.0000 1.3306
10.0132 0.0000 5.9678
6.8907 0.0000 4.1068
7.3165 0.0000 4.3606
6.9489 0.0000 4.1415
13.5367 0.0000 8.0679
9.9131 0.0000 5.9082
6.6804 0.0000 3.9815
7.9585 0.0000 4.7433
16.4869 0.0000 9.8262
9.3120 0.0000 5.5500
16.7157 0.0000 9.9626
18.1733 0.0000 10.8313
6.5672 0.0000 3.9141
7.3630 0.0000 4.3884
9.9304 0.0000 5.9185
8.3848 0.0000 4.9974
15.3991 0.0000 9.1778
7.7535 0.0000 4.6211
8.0032 0.0000 4.7699
8.1061 0.0000 4.8312
8.4389 0.0000 5.0296
7.2946 0.0000 4.3476
7.9743 0.0000 4.7527
14.1399 0.0000 8.4274
12.2650 0.0000 7.3099
11.6864 0.0000 6.9651
12.8369 0.0000 7.6508
9.3737 0.0000 5.5867
12.2454 0.0000 7.2983
3.5407 0.0000 2.1102
9.6497 0.0000 5.7512
10.1412 0.0000 6.0442
3.9620 0.0000 2.3613
19.8957 0.0000 11.8579
12.9250 0.0000 7.7033
6.0177 0.0000 3.5865
17.5031 0.0000 10.4319
10.8721 0.0000 6.4798
4.5774 0.0000 2.7282
8.9432 0.0000 5.3301
10.7288 0.0000 6.3943
7.0202 0.0000 4.1840
13.2011 0.0000 7.8678
14.3483 0.0000 8.5516
14.0774 0.0000 8.3901
16.4534 0.0000 9.8062
2.8973 0.0000 1.7268
11.1144 0.0000 6.6242
12.3457 0.0000 7.3580
10.9956 0.0000 6.5534
9.2149 0.0000 5.4921
10.9288 0.0000 6.5136
5.1334 0.0000 3.0595
12.6798 0.0000 7.5572
8.9010 0.0000 5.3050
12.0173 0.0000 7.1623
15.4876 0.0000 9.2306
13.2239 0.0000 7.8814
12.0913 0.0000 7.2064
7.8348 0.0000 4.6695
8.9294 0.0000 5.3219
9.4003 0.0000 5.6026
4.4224 0.0000 2.6357
9.1113 0.0000 5.4303
8.1722 0.0000 4.8706
12.4377 0.0000 7.4129
10.6872 0.0000 6.3696
6.4132 0.0000 3.8223
9.1901 0.0000 5.4773
9.8378 0.0000 5.8633
10.8104 0.0000 6.4430
14.4506 0.0000 8.6126
5.6945 0.0000 3.3939
8.7764 0.0000 5.2307
10.4718 0.0000 6.2412
12.9451 0.0000 7.7153
8.4224 0.0000 5.0197
5.5853 0.0000 3.3288
8.8822 0.0000 5.2938
6.4969 0.0000 3.8721
6.6800 0.0000 3.9813
16.1536 0.0000 9.6275
15.5518 0.0000 9.2689
11.3555 0.0000 6.7679
4.1398 0.0000 2.4673
11.7831 0.0000 7.0227
8.4034 0.0000 5.0084
10.8288 0.0000 6.4539
16.0582 0.0000 9.5707
6.3719 0.0000 3.7977
3.6511 0.0000 2.1761
7.1986 0.0000 4.2903
11.4285 0.0000 6.8114
11.2247 0.0000 6.6899
5.1758 0.0000 3.0848
16.5722 0.0000 9.8770
4.8432 0.0000 2.8865
6.6208 0.0000 3.9460
6.8024 0.0000 4.0542
15.0314 0.0000 8.9587
6.8236 0.0000 4.0669
5.9527 0.0000 3.5478
14.8169 0.0000 8.8309
12.9166 0.0000 7.6983
9.8628 0.0000 5.8782
6.9592 0.0000 4.1477
11.3119 0.0000 6.7419
10.2094 0.0000 6.0848
14.7423 0.0000 8.7864
4.0355 0.0000 2.4052
10.4753 0.0000 6.2433
6.5622 0.0000 3.9111
4.4393 0.0000 2.6458
10.3591 0.0000 6.1740
15.9938 0.0000 9.5323
20.9333 0.0000 12.4762
8.6498 0.0000 5.1553
13.2999 0.0000 7.9267
10.2988 0.0000 6.1381
6.4994 0.0000 3.8737
12.2502 0.0000 7.3011
8.1478 0.0000 4.8561
17.6473 0.0000 10.5178
14.2111 0.0000 8.4698
19.4251 0.0000 11.5773
8.7320 0.0000 5.2043
9.4521 0.0000 5.6335
9.0781 0.0000 5.4106
9.7616 0.0000 5.8179
12.0550 0.0000 7.1848
8.8461 0.0000 5.2723
24.2810 0.0000 14.4715
9.5638 0.0000 5.7000
13.0168 0.0000 7.7580
20.1417 0.0000 12.0044
5.7411 0.0000 3.4217
12.9004 0.0000 7.6886
13.8304 0.0000 8.2429
10.1590 0.0000 6.0548
5.9354 0.0000 3.5375
7.3711 0.0000 4.3931
17.1688 0.0000 10.2326
15.0951 0.0000 8.9967
12.0805 0.0000 7.2000
13.8462 0.0000 8.2524
8.9238 0.0000 5.3186
11.2811 0.0000 6.7235
8.7283 0.0000 5.2021
5.7814 0.0000 3.4457
10.0234 0.0000 5.9739
3.5264 0.0000 2.1017
11.4507 0.0000 6.8246
5.3149 0.0000 3.1677
5.4389 0.0000 3.2416
7.7497 0.0000 4.6188
12.0460 0.0000 7.1794
14.4806 0.0000 8.6304
14.7639 0.0000 8.7993
6.4620 0.0000 3.8513
10.8278 0.0000 6.4534
8.5819 0.0000 5.1148
8.5626 0.0000 5.1033
9.0900 0.0000 5.4176
16.6438 0.0000 9.9197
11.3031 0.0000 6.7367
16.5710 0.0000 9.8763
7.1218 0.0000 4.2446
6.9334 0.0000 4.1323
15.1479 0.0000 9.0282
8.2706 0.0000 4.9293
3.4609 0.0000 2.0627
5.6515 0.0000 3.3683
5.9896 0.0000 3.5698
6.3674 0.0000 3.7950
8.4332 0.0000 5.0262
5.6359 0.0000 3.3590
11.1440 0.0000 6.6418
10.4367 0.0000 6.2203
6.5039 0.0000 3.8763
8.6790 0.0000 5.1727
16.3285 0.0000 9.7318
11.2964 0.0000 6.7327
12.0161 0.0000 7.1616
9.1814 0.0000 5.4721
8.1813 0.0000 4.8760
5.6349 0.0000 3.3584
6.3083 0.0000 3.7598
5.1178 0.0000 3.0502
6.4680 0.0000 3.8549
10.1554 0.0000 6.0526
12.2856 0.0000 7.3222
5.5687 0.0000 3.3189
8.7469 0.0000 5.2132
11.8959 0.0000 7.0900
11.0375 0.0000 6.5783
9.8895 0.0000 5.8942
7.2439 0.0000 4.3173
8.7809 0.0000 5.2334
10.8434 0.0000 6.4627
17.0419 0.0000 10.1570
2.7745 0.0000 1.6536
11.0677 0.0000 6.5964
8.8874 0.0000 5.2969
13.6923 0.0000 8.1606
17.9197 0.0000 10.6801
7.2167 0.0000 4.3012
7.8158 0.0000 4.6582
7.3968 0.0000 4.4085
7.7084 0.0000 4.5942
8.5612 0.0000 5.1024
6.2810 0.0000 3.7435
11.0098 0.0000 6.5618
11.7111 0.0000 6.9798
13.2255 0.0000 7.8824
10.8654 0.0000 6.4758
7.3994 0.0000 4.4101
6.2780 0.0000 3.7417
5.6129 0.0000 3.3453
5.7653 0.0000 3.4361
8.3685 0.0000 4.9876
14.3176 0.0000 8.5333
7.2938 0.0000 4.3471
11.9488 0.0000 7.1215
12.8840 0.0000 7.6789
15.6203 0.0000 9.3097
6.0297 0.0000 3.5937
16.4471 0.0000 9.8025
10.5116 0.0000 6.2649
14.6785 0.0000 8.7484
10.5655 0.0000 6.2970
15.4648 0.0000 9.2170
8.9985 0.0000 5.3631
8.4500 0.0000 5.0362
6.4061 0.0000 3.8180
5.4381 0.0000 3.2411
17.6161 0.0000 10.4992
18.9188 0.0000 11.2756
13.9801 0.0000 8.3321
9.9208 0.0000 5.9128
9.4551 0.0000 5.6352
10.2459 0.0000 6.1065
9.5378 0.0000 5.6845
12.0457 0.0000 7.1793
10.8426 0.0000 6.4622
5.2146 0.0000 3.1079
10.8636 0.0000 6.4747
4.3031 0.0000 2.5647
11.1979 0.0000 6.6740
16.3997 0.0000 9.7742
10.2247 0.0000 6.0939
6.8420 0.0000 4.0778
10.3972 0.0000 6.1967
19.1481 0.0000 11.4123
10.8717 0.0000 6.4795
5.7716 0.0000 3.4399
11.4487 0.0000 6.8234
10.6712 0.0000 6.3601
7.1733 0.0000 4.2753
14.1815 0.0000 8.4522
12.7713 0.0000 7.6117
11.5742 0.0000 6.8982
15.6824 0.0000 9.3467
8.2952 0.0000 4.9440
3.9478 0.0000 2.3529
5.6273 0.0000 3.3539
9.3585 0.0000 5.5777
11.6380 0.0000 6.9362
10.1705 0.0000 6.0616
17.1900 0.0000 10.2453
19.5965 0.0000 11.6795
8.1159 0.0000 4.8371
11.5915 0.0000 6.9085
4.8517 0.0000 2.8916
10.3913 0.0000 6.1932
5.7924 0.0000 3.4523
8.9434 0.0000 5.3303
9.8940 0.0000 5.8969
11.6926 0.0000 6.9688
14.8323 0.0000 8.8401
12.2833 0.0000 7.3208
9.5098 0.0000 5.6678
14.4788 0.0000 8.6294
20.0433 0.0000 11.9458
7.3122 0.0000 4.3581
18.5164 0.0000 11.0358
8.6529 0.0000 5.1571
13.4215 0.0000 7.9992
11.0257 0.0000 6.5713
7.9600 0.0000 4.7441
11.3347 0.0000 6.7555
8.0563 0.0000 4.8016
17.0192 0.0000 10.1434
11.2863 0.0000 6.7266
16.2057 0.0000 9.6586
9.5134 0.0000 5.6700
15.7368 0.0000 9.3791
13.8580 0.0000 8.2594
18.5599 0.0000 11.0617
12.1788 0.0000 7.2586
15.8153 0.0000 9.4259
7.7605 0.0000 4.6252
19.4848 0.0000 11.6129
9.3328 0.0000 5.5623
7.8434 0.0000 4.6747
16.9939 0.0000 10.1284
17.4937 0.0000 10.4262
10.0769 0.0000 6.0058
6.9608 0.0000 4.1487
9.3235 0.0000 5.5568
14.4709 0.0000 8.6247
7.3496 0.0000 4.3803
9.8237 0.0000 5.8549
16.0930 0.0000 9.5914
11.8220 0.0000 7.0459
6.0526 0.0000 3.6074
7.2405 0.0000 4.3153
9.7963 0.0000 5.8386
8.7203 0.0000 5.1973
5.9613 0.0000 3.5529
7.2240 0.0000 4.3055
12.0311 0.0000 7.1706
10.8244 0.0000 6.4514
12.4950 0.0000 7.4470
5.1737 0.0000 3.0835
10.4001 0.0000 6.1984
13.5967 0.0000 8.1036
6.6122 0.0000 3.9409
9.6024 0.0000 5.7230
18.1182 0.0000 10.7985
7.7132 0.0000 4.5970
11.0166 0.0000 6.5659
8.1887 0.0000 4.8805
11.1569 0.0000 6.6495
12.3566 0.0000 7.3645
10.2898 0.0000 6.1327
14.2219 0.0000 8.4763
4.4668 0.0000 2.6622
9.6655 0.0000 5.7606
16.4356 0.0000 9.7956
10.6029 0.0000 6.3193
13.4555 0.0000 8.0195
8.7037 0.0000 5.1874
19.6068 0.0000 11.6857
6.2414 0.0000 3.7199
5.6871 0.0000 3.3895
7.8304 0.0000 4.6669
19.4272 0.0000 11.5786
6.4778 0.0000 3.8608
9.4737 0.0000 5.6463
17.2821 0.0000 10.3002
10.0833 0.0000 6.0097
9.9428 0.0000 5.9259
12.5319 0.0000 7.4690
14.2818 0.0000 8.5120
4.5999 0.0000 2.7416
9.7573 0.0000 5.8154
12.8510 0.0000 7.6592
7.9601 0.0000 4.7442
9.9298 0.0000 5.9182
15.0895 0.0000 8.9933
3.1778 0.0000 1.8939
11.1087 0.0000 6.6208
9.9750 0.0000 5.9451
15.0256 0.0000 8.9552
7.4342 0.0000 4.4308
14.8213 0.0000 8.8335
19.0862 0.0000 11.3754
12.0418 0.0000 7.1769
5.4675 0.0000 3.2587
18.8238 0.0000 11.2190
10.6411 0.0000 6.3421
7.5803 0.0000 4.5179
16.8354 0.0000 10.0339
7.3718 0.0000 4.3936
8.9725 0.0000 5.3476
8.5931 0.0000 5.1215
3.8371 0.0000 2.2869
7.1162 0.0000 4.2413
15.9202 0.0000 9.4884
13.6993 0.0000 8.1648
19.3359 0.0000 11.5242
10.0987 0.0000 6.0189
17.2549 0.0000 10.2839
15.9269 0.0000 9.4925
13.0813 0.0000 7.7964
12.2678 0.0000 7.3116
7.2710 0.0000 4.3335
16.9124 0.0000 10.0798
10.1295 0.0000 6.0372
9.7293 0.0000 5.7987
8.5235 0.0000 5.0800
12.6080 0.0000 7.5144
15.5619 0.0000 9.2749
12.8902 0.0000 7.6826
18.5800 0.0000 11.0737
10.9094 0.0000 6.5020
11.0687 0.0000 6.5969
21.1800 0.0000 12.6233
13.5632 0.0000 8.0837
9.2114 0.0000 5.4900
14.7195 0.0000 8.7728
4.3557 0.0000 2.5960
8.4652 0.0000 5.0453
6.9863 0.0000 4.1638
17.7047 0.0000 10.5520
8.8927 0.0000 5.3000
2.7957 0.0000 1.6662
19.7321 0.0000 11.7603
11.2656 0.0000 6.7143
11.5513 0.0000 6.8846
10.5968 0.0000 6.3157
16.6849 0.0000 9.9442
7.4084 0.0000 4.4154
6.5805 0.0000 3.9220
7.5928 0.0000 4.5253
8.0461 0.0000 4.7955
12.5874 0.0000 7.5021
12.1942 0.0000 7.2678
3.0744 0.0000 1.8323
7.6843 0.0000 4.5798
14.2392 0.0000 8.4866
13.9016 0.0000 8.2853
6.0546 0.0000 3.6085
5.8058 0.0000 3.4602
16.4772 0.0000 9.8204
9.2065 0.0000 5.4871
10.7151 0.0000 6.3862
7.8980 0.0000 4.7072
9.2438 0.0000 5.5093
9.1372 0.0000 5.4457
12.2505 0.0000 7.3013
9.6448 0.0000 5.7483
10.6585 0.0000 6.3525
17.9116 0.0000 10.6753
5.9366 0.0000 3.5382
16.3917 0.0000 9.7695
9.1617 0.0000 5.4604
11.2146 0.0000 6.6839
15.7066 0.0000 9.3611
7.3143 0.0000 4.3593
6.8170 0.0000 4.0629
8.8234 0.0000 5.2588
9.3121 0.0000 5.5500
2.6743 0.0000 1.5939
4.8114 0.0000 2.8676
6.0739 0.0000 3.6200
10.5160 0.0000 6.2675
15.2332 0.0000 9.0790
10.0242 0.0000 5.9744
4.7180 0.0000 2.8119
11.2400 0.0000 6.6991
18.4628 0.0000 11.0038
16.6616 0.0000 9.9303
9.8252 0.0000 5.8558
17.4977 0.0000 10.4287
10.6094 0.0000 6.3232
10.8531 0.0000 6.4684
13.4855 0.0000 8.0373
8.8814 0.0000 5.2933
16.8570 0.0000 10.0468
5.1250 0.0000 3.0545
12.6976 0.0000 7.5678
14.8843 0.0000 8.8710
13.0331 0.0000 7.7677
14.3047 0.0000 8.5256
7.8449 0.0000 4.6755
9.2990 0.0000 5.5422
11.7613 0.0000 7.0097
14.4915 0.0000 8.6369
18.9922 0.0000 11.3193
17.0324 0.0000 10.1513
10.6409 0.0000 6.3420
5.0819 0.0000 3.0288
16.6255 0.0000 9.9088
6.4447 0.0000 3.8410
8.6576 0.0000 5.1599
5.4006 0.0000 3.2188
16.1831 0.0000 9.6451
16.4399 0.0000 9.7982
12.1752 0.0000 7.2564
18.5164 0.0000 11.0358
8.5061 0.0000 5.0696
12.5772 0.0000 7.4960
7.8690 0.0000 4.6899
5.8482 0.0000 3.4855
12.7428 0.0000 7.5947
19.1844 0.0000 11.4339
10.4800 0.0000 6.2461
14.9395 0.0000 8.9039
7.5719 0.0000 4.5129
10.6243 0.0000 6.3321
12.9057 0.0000 7.6918
6.3249 0.0000 3.7697
13.5291 0.0000 8.0633
2.6725 0.0000 1.5928
8.3218 0.0000 4.9598
16.6312 0.0000 9.9122
5.4706 0.0000 3.2605
13.0955 0.0000 7.8049
10.5363 0.0000 6.2797
10.0564 0.0000 5.9936
14.1459 0.0000 8.4309
16.4064 0.0000 9.7782
12.6809 0.0000 7.5578
16.9575 0.0000 10.1066
8.3625 0.0000 4.9840
14.5874 0.0000 8.6941
7.9071 0.0000 4.7126
13.5765 0.0000 8.0916
6.1333 0.0000 3.6554
13.9193 0.0000 8.2959
11.7212 0.0000 6.9858
9.2157 0.0000 5.4926
14.1829 0.0000 8.4530
16.5348 0.0000 9.8547
7.9781 0.0000 4.7549
15.1959 0.0000 9.0567
3.8921 0.0000 2.3197
9.9500 0.0000 5.9302
5.6618 0.0000 3.3745
3.9699 0.0000 2.3660
7.7778 0.0000 4.6356
10.9846 0.0000 6.5468
14.3929 0.0000 8.5782
5.7333 0.0000 3.4171
14.0300 0.0000 8.3619
18.6929 0.0000 11.1410
14.4516 0.0000 8.6131
16.3160 0.0000 9.7243
9.6735 0.0000 5.7654
14.5414 0.0000 8.6667
8.6321 0.0000 5.1448
8.3929 0.0000 5.0022
12.8744 0.0000 7.6731
9.9608 0.0000 5.9366
6.0007 0.0000 3.5764
15.9350 0.0000 9.4972
13.1440 0.0000 7.8338
11.0010 0.0000 6.5566
12.0786 0.0000 7.1988
13.0382 0.0000 7.7708
6.2284 0.0000 3.7121
14.3320 0.0000 8.5419
6.7994 0.0000 4.0525
13.7021 0.0000 8.1664
15.9335 0.0000 9.4964
9.2696 0.0000 5.5247
17.0400 0.0000 10.1559
4.4158 0.0000 2.6318
9.0790 0.0000 5.4111
10.0120 0.0000 5.9672
13.1876 0.0000 7.8598
11.2312 0.0000 6.6938
11.4152 0.0000 6.8035
9.1726 0.0000 5.4669
12.8526 0.0000 7.6601
6.4380 0.0000 3.8370
11.3436 0.0000 6.7608
16.0395 0.0000 9.5595
13.2116 0.0000 7.8741
9.8123 0.0000 5.8481
13.7175 0.0000 8.1756
12.2528 0.0000 7.3027
13.6208 0.0000 8.1180
7.7224 0.0000 4.6025
23.6018 0.0000 14.0667
7.4022 0.0000 4.4117
11.4914 0.0000 6.8489
8.8823 0.0000 5.2939
4.1545 0.0000 2.4761
7.5363 0.0000 4.4916
9.0085 0.0000 5.3691
5.3184 0.0000 3.1698
12.0947 0.0000 7.2084
15.4920 0.0000 9.2332
7.6200 0.0000 4.5415
10.3040 0.0000 6.1412
6.3408 0.0000 3.7791
12.4135 0.0000 7.3984
8.7428 0.0000 5.2107
7.4428 0.0000 4.4359
10.9327 0.0000 6.5159
10.1545 0.0000 6.0521
3.4333 0.0000 2.0463
11.1033 0.0000 6.6176
3.8155 0.0000 2.2740
9.5194 0.0000 5.6735
13.2471 0.0000 7.8953
7.9446 0.0000 4.7350
10.5017 0.0000 6.2590
12.3453 0.0000 7.3578
12.5257 0.0000 7.4653
10.1209 0.0000 6.0320
11.8293 0.0000 7.0502
7.6511 0.0000 4.5601
17.2944 0.0000 10.3074
16.7123 0.0000 9.9605
10.8157 0.0000 6.4461
19.5843 0.0000 11.6722
10.8818 0.0000 6.4855
10.4340 0.0000 6.2187
11.5553 0.0000 6.8869
1.1837 0.0000 0.7055
4.4341 0.0000 2.6427
6.3425 0.0000 3.7802
8.9338 0.0000 5.3245
8.6491 0.0000 5.1548
9.2162 0.0000 5.4928
12.5215 0.0000 7.4628
15.8387 0.0000 9.4399
10.6830 0.0000 6.3670
7.9050 0.0000 4.7114
9.5557 0.0000 5.6952
5.6616 0.0000 3.3743
12.1604 0.0000 7.2476
14.7188 0.0000 8.7724
7.3506 0.0000 4.3810
2.5755 0.0000 1.5350
11.8369 0.0000 7.0548
9.8748 0.0000 5.8854
11.4268 0.0000 6.8104
7.4786 0.0000 4.4572
11.9523 0.0000 7.1236
15.2127 0.0000 9.0668
20.3035 0.0000 12.1009
9.3407 0.0000 5.5671
9.4615 0.0000 5.6391
11.6236 0.0000 6.9277
8.9871 0.0000 5.3563
5.5244 0.0000 3.2925
21.9766 0.0000 13.0980
10.8432 0.0000 6.4625
8.4816 0.0000 5.0550
9.6009 0.0000 5.7221
19.2741 0.0000 11.4874
6.3148 0.0000 3.7636
9.7695 0.0000 5.8226
14.0942 0.0000 8.4001
12.5263 0.0000 7.4657
11.0926 0.0000 6.6112
17.8203 0.0000 10.6209
10.4168 0.0000 6.2084
7.2974 0.0000 4.3493
5.6258 0.0000 3.3530
14.8908 0.0000 8.8749
6.7780 0.0000 4.0397
8.5992 0.0000 5.1251
7.5048 0.0000 4.4728
12.4858 0.0000 7.4415
17.5645 0.0000 10.4685
7.3384 0.0000 4.3737
20.7757 0.0000 12.3823
5.2733 0.0000 3.1429
14.5468 0.0000 8.6699
4.1689 0.0000 2.4847
11.4415 0.0000 6.8191
8.8554 0.0000 5.2778
10.6361 0.0000 6.3391
5.8648 0.0000 3.4954
8.9666 0.0000 5.3441
19.3231 0.0000 11.5166
5.0398 0.0000 3.0037
15.8634 0.0000 9.4546
10.8886 0.0000 6.4896
7.6651 0.0000 4.5684
7.7506 0.0000 4.6194
7.8977 0.0000 4.7070
3.0849 0.0000 1.8386
12.7032 0.0000 7.5711
11.2897 0.0000 6.7286
10.5644 0.0000 6.2964
19.4015 0.0000 11.5633
10.3559 0.0000 6.1721
9.1281 0.0000 5.4403
6.4976 0.0000 3.8726
17.0810 0.0000 10.1803
14.0679 0.0000 8.3845
8.4238 0.0000 5.0206
19.4717 0.0000 11.6051
11.1637 0.0000 6.6536
12.8378 0.0000 7.6514
8.8018 0.0000 5.2459
4.3502 0.0000 2.5927
12.2888 0.0000 7.3241
12.4555 0.0000 7.4235
7.2054 0.0000 4.2944
9.9300 0.0000 5.9183
11.3967 0.0000 6.7924
7.2124 0.0000 4.2986
11.6507 0.0000 6.9438
15.8132 0.0000 9.4246
14.4611 0.0000 8.6188
15.0965 0.0000 8.9975
11.0937 0.0000 6.6119
8.6352 0.0000 5.1466
9.0856 0.0000 5.4150
9.1233 0.0000 5.4375
6.2598 0.0000 3.7309
8.1617 0.0000 4.8644
8.6694 0.0000 5.1670
7.5028 0.0000 4.4717
12.2738 0.0000 7.3152
9.7358 0.0000 5.8025
8.0965 0.0000 4.8255
18.1237 0.0000 10.8017
9.2556 0.0000 5.5163
6.6286 0.0000 3.9507
12.7706 0.0000 7.6113
12.1457 0.0000 7.2389
3.1033 0.0000 1.8496
11.3220 0.0000 6.7479
4.7577 0.0000 2.8356
7.5296 0.0000 4.4877
11.8605 0.0000 7.0689
9.8161 0.0000 5.8504
9.1011 0.0000 5.4243
8.6507 0.0000 5.1558
16.0818 0.0000 9.5847
15.8197 0.0000 9.4285
16.8124 0.0000 10.0202
12.0313 0.0000 7.1707
12.3316 0.0000 7.3497
10.7947 0.0000 6.4336
22.0927 0.0000 13.1672
10.0365 0.0000 5.9818
15.8685 0.0000 9.4576
6.5181 0.0000 3.8848
13.6612 0.0000 8.1421
12.4995 0.0000 7.4497
11.1646 0.0000 6.6541
11.7692 0.0000 7.0144
16.6711 0.0000 9.9360
9.5995 0.0000 5.7213
12.5136 0.0000 7.4581
14.5249 0.0000 8.6568
11.9290 0.0000 7.1097
12.3126 0.0000 7.3383
10.7055 0.0000 6.3805
14.2145 0.0000 8.4718
12.0572 0.0000 7.1861
14.7506 0.0000 8.7913
12.4919 0.0000 7.4452
9.4429 0.0000 5.6279
11.8724 0.0000 7.0759
6.4161 0.0000 3.8240
18.2128 0.0000 10.8548
7.4786 0.0000 4.4572
14.3261 0.0000 8.5384
10.6731 0.0000 6.3611
13.5009 0.0000 8.0465
3.4313 0.0000 2.0451
14.8579 0.0000 8.8553
10.7438 0.0000 6.4033
8.6734 0.0000 5.1693
12.0886 0.0000 7.2048
11.9546 0.0000 7.1250
11.1261 0.0000 6.6312
7.1292 0.0000 4.2490
3.6485 0.0000 2.1745
15.9714 0.0000 9.5190
9.3439 0.0000 5.5690
14.7640 0.0000 8.7993
5.4196 0.0000 3.2301
13.5318 0.0000 8.0649
13.4662 0.0000 8.0259
7.6401 0.0000 4.5535
10.8603 0.0000 6.4728
10.2515 0.0000 6.1099
12.6235 0.0000 7.5236
6.4471 0.0000 3.8425
13.3501 0.0000 7.9567
13.3523 0.0000 7.9579
7.0224 0.0000 4.1853
10.3240 0.0000 6.1531
14.0253 0.0000 8.3591
12.2019 0.0000 7.2724
7.9567 0.0000 4.7422
11.6514 0.0000 6.9442
9.6063 0.0000 5.7253
16.5324 0.0000 9.8533
13.4541 0.0000 8.0187
13.6492 0.0000 8.1349
9.1908 0.0000 5.4777
6.6169 0.0000 3.9437
6.7265 0.0000 4.0090
6.4386 0.0000 3.8374
3.4682 0.0000 2.0670
16.6968 0.0000 9.9513
6.5402 0.0000 3.8980
10.6910 0.0000 6.3718
14.1456 0.0000 8.4308
14.7770 0.0000 8.8071
18.0853 0.0000 10.7788
18.4500 0.0000 10.9962
13.1494 0.0000 7.8371
15.8374 0.0000 9.4391
15.0641 0.0000 8.9782
13.8165 0.0000 8.2347
15.0371 0.0000 8.9621
7.0339 0.0000 4.1922
9.8411 0.0000 5.8653
13.1322 0.0000 7.8268
9.2387 0.0000 5.5062
7.4009 0.0000 4.4110
11.6180 0.0000 6.9243
8.4057 0.0000 5.0098
6.2792 0.0000 3.7424
9.7668 0.0000 5.8210
11.7514 0.0000 7.0038
11.2662 0.0000 6.7146
11.5996 0.0000 6.9134
10.6533 0.0000 6.3494
14.7031 0.0000 8.7630
3.4921 0.0000 2.0813
15.9356 0.0000 9.4976
6.8886 0.0000 4.1056
8.4442 0.0000 5.0328
5.9733 0.0000 3.5601
6.6007 0.0000 3.9340
14.8117 0.0000 8.8277
13.6449 0.0000 8.1324
9.2456 0.0000 5.5104
8.9984 0.0000 5.3630
9.1009 0.0000 5.4241
10.3317 0.0000 6.1577
3.1658 0.0000 1.8868
7.7967 0.0000 4.6468
15.4743 0.0000 9.2227
5.6002 0.0000 3.3377
5.5947 0.0000 3.3344
4.5259 0.0000 2.6975
7.5892 0.0000 4.5232
6.7197 0.0000 4.0050
4.3158 0.0000 2.5722
12.0781 0.0000 7.1986
10.4576 0.0000 6.2327
11.3457 0.0000 6.7620
5.3898 0.0000 3.2123
12.2084 0.0000 7.2762
14.2914 0.0000 8.5176
8.2196 0.0000 4.8989
4.1151 0.0000 2.4526
6.9165 0.0000 4.1222
6.3616 0.0000 3.7915
12.3919 0.0000 7.3856
12.0359 0.0000 7.1734
15.6864 0.0000 9.3491
10.0145 0.0000 5.9686
8.2074 0.0000 4.8916
10.2997 0.0000 6.1386
10.0385 0.0000 5.9829
12.4584 0.0000 7.4252
8.3250 0.0000 4.9617
9.9812 0.0000 5.9488
15.3469 0.0000 9.1468
7.7762 0.0000 4.6346
11.8847 0.0000 7.0833
14.2960 0.0000 8.5204
6.1326 0.0000 3.6550
6.2019 0.0000 3.6963
6.6588 0.0000 3.9686
14.4748 0.0000 8.6270
7.0347 0.0000 4.1927
8.3293 0.0000 4.9643
12.6978 0.0000 7.5679
10.8221 0.0000 6.4499
8.3141 0.0000 4.9552
10.9210 0.0000 6.5089
6.9566 0.0000 4.1461
9.7251 0.0000 5.7962
13.9790 0.0000 8.3315
14.0653 0.0000 8.3829
12.6396 0.0000 7.5332
10.7935 0.0000 6.4329
16.5890 0.0000 9.8870
2.7334 0.0000 1.6291
8.9980 0.0000 5.3628
7.1619 0.0000 4.2685
6.6862 0.0000 3.9850
12.5990 0.0000 7.5090
16.2139 0.0000 9.6635
21.1158 0.0000 12.5850
11.3436 0.0000 6.7608
9.7082 0.0000 5.7861
10.3511 0.0000 6.1692
9.1843 0.0000 5.4738
7.3182 0.0000 4.3616
4.8785 0.0000 2.9076
16.6513 0.0000 9.9242
15.0567 0.0000 8.9738
13.0023 0.0000 7.7493
10.9307 0.0000 6.5147
22.3187 0.0000 13.3020
5.8519 0.0000 3.4877
10.9287 0.0000 6.5135
13.7686 0.0000 8.2061
17.1182 0.0000 10.2025
11.4905 0.0000 6.8483
12.9501 0.0000 7.7183
13.1789 0.0000 7.8547
10.0368 0.0000 5.9820
9.6608 0.0000 5.7579
10.2820 0.0000 6.1280
9.6626 0.0000 5.7589
19.7840 0.0000 11.7913
7.7715 0.0000 4.6318
11.2749 0.0000 6.7198
7.1652 0.0000 4.2705
7.2979 0.0000 4.3496
11.7678 0.0000 7.0136
6.4630 0.0000 3.8519
10.0638 0.0000 5.9981
15.0544 0.0000 8.9724
5.9477 0.0000 3.5448
7.4286 0.0000 4.4274
11.4326 0.0000 6.8138
6.6962 0.0000 3.9909
10.3628 0.0000 6.1762
10.7707 0.0000 6.4194
9.3986 0.0000 5.6016
11.0594 0.0000 6.5914
8.6065 0.0000 5.1295
8.3050 0.0000 4.9498
9.4040 0.0000 5.6048
5.2531 0.0000 3.1308
18.0312 0.0000 10.7466
12.9754 0.0000 7.7333
8.5046 0.0000 5.0687
5.2458 0.0000 3.1265
7.4316 0.0000 4.4293
16.0678 0.0000 9.5764
4.7820 0.0000 2.8500
10.3433 0.0000 6.1646
8.3517 0.0000 4.9776
8.2918 0.0000 4.9419
11.3268 0.0000 6.7508
10.2438 0.0000 6.1053
14.7100 0.0000 8.7671
15.6554 0.0000 9.3306
9.5171 0.0000 5.6722
4.7232 0.0000 2.8150
8.8987 0.0000 5.3036
7.7687 0.0000 4.6301
8.9039 0.0000 5.3067
9.4740 0.0000 5.6465
15.7303 0.0000 9.3753
9.6127 0.0000 5.7292
8.5965 0.0000 5.1235
6.7186 0.0000 4.0043
14.6867 0.0000 8.7533
17.0973 0.0000 10.1900
14.9467 0.0000 8.9083
10.1627 0.0000 6.0570
12.8725 0.0000 7.6720
16.1177 0.0000 9.6061
10.5924 0.0000 6.3131
9.5808 0.0000 5.7101
10.3689 0.0000 6.1799
6.3680 0.0000 3.7953
8.9757 0.0000 5.3495
10.4158 0.0000 6.2078
11.6187 0.0000 6.9247
6.7082 0.0000 3.9981
12.0096 0.0000 7.1577
8.7465 0.0000 5.2129
11.2841 0.0000 6.7254
7.6497 0.0000 4.5592
18.6992 0.0000 11.1447
16.2199 0.0000 9.6671
15.5933 0.0000 9.2936
7.9892 0.0000 4.7616
11.8146 0.0000 7.0415
6.4246 0.0000 3.8291
4.4715 0.0000 2.6650
8.1995 0.0000 4.8869
14.2472 0.0000 8.4914
16.0427 0.0000 9.5614
16.3235 0.0000 9.7288
11.2159 0.0000 6.6847
12.5911 0.0000 7.5043
7.9052 0.0000 4.7115
10.2004 0.0000 6.0794
13.2078 0.0000 7.8718
12.1109 0.0000 7.2181
7.0368 0.0000 4.1939
8.5755 0.0000 5.1110
9.1145 0.0000 5.4323
16.5126 0.0000 9.8415
12.6564 0.0000 7.5432
16.4349 0.0000 9.7952
24.0683 0.0000 14.3447
16.6830 0.0000 9.9431
14.9932 0.0000 8.9359
8.9761 0.0000 5.3498
8.7090 0.0000 5.1906
8.7527 0.0000 5.2166
8.7179 0.0000 5.1959
5.9799 0.0000 3.5640
19.5448 0.0000 11.6487
5.1489 0.0000 3.0688
5.2083 0.0000 3.1041
15.8354 0.0000 9.4379
8.3306 0.0000 4.9650
6.0025 0.0000 3.5775
11.3516 0.0000 6.7655
17.3659 0.0000 10.3501
12.7975 0.0000 7.6273
11.2743 0.0000 6.7195
8.0951 0.0000 4.8247
14.4043 0.0000 8.5850
7.3254 0.0000 4.3660
16.9816 0.0000 10.1210
17.0974 0.0000 10.1900
16.5094 0.0000 9.8396
13.5167 0.0000 8.0559
12.6077 0.0000 7.5142
15.4488 0.0000 9.2075
6.5569 0.0000 3.9079
10.3087 0.0000 6.1440
9.0217 0.0000 5.3770
17.1091 0.0000 10.1970
6.7096 0.0000 3.9989
9.6352 0.0000 5.7426
7.1819 0.0000 4.2804
7.6796 0.0000 4.5770
7.7544 0.0000 4.6216
14.4251 0.0000 8.5974
6.3235 0.0000 3.7688
9.4656 0.0000 5.6415
5.9737 0.0000 3.5603
12.8920 0.0000 7.6836
8.3547 0.0000 4.9794
9.1039 0.0000 5.4259
10.1785 0.0000 6.0664
13.7637 0.0000 8.2032
15.7581 0.0000 9.3919
15.3476 0.0000 9.1472
11.1156 0.0000 6.6249
16.1097 0.0000 9.6014
15.1339 0.0000 9.0198
8.0392 0.0000 4.7913
11.9622 0.0000 7.1295
10.8697 0.0000 6.4783
9.3028 0.0000 5.5445
4.9970 0.0000 2.9782
5.7088 0.0000 3.4025
10.4599 0.0000 6.2341
7.7816 0.0000 4.6378
8.2450 0.0000 4.9140
6.7469 0.0000 4.0212
12.6368 0.0000 7.5315
9.0327 0.0000 5.3835
13.6712 0.0000 8.1481
6.3333 0.0000 3.7747
12.0310 0.0000 7.1705
14.6334 0.0000 8.7215
10.3737 0.0000 6.1827
11.3423 0.0000 6.7600
3.1149 0.0000 1.8565
11.6641 0.0000 6.9518
10.5161 0.0000 6.2676
2.5599 0.0000 1.5257
8.4754 0.0000 5.0513
7.2171 0.0000 4.3014
12.6555 0.0000 7.5427
10.4626 0.0000 6.2357
7.0432 0.0000 4.1978
15.8773 0.0000 9.4629
13.2557 0.0000 7.9004
13.7372 0.0000 8.1874
14.1630 0.0000 8.4411
12.6195 0.0000 7.5212
7.2434 0.0000 4.3171
9.2651 0.0000 5.5220
3.3492 0.0000 1.9961
10.4958 0.0000 6.2555
10.5755 0.0000 6.3030
9.0415 0.0000 5.3887
14.1130 0.0000 8.4114
15.9257 0.0000 9.4917
19.1116 0.0000 11.3905
6.9074 0.0000 4.1168
3.5316 0.0000 2.1049
11.2385 0.0000 6.6981
8.2573 0.0000 4.9213
7.4687 0.0000 4.4513
8.5732 0.0000 5.1096
2.7385 0.0000 1.6321
11.7266 0.0000 6.9890
10.4801 0.0000 6.2461
6.7879 0.0000 4.0456
7.1342 0.0000 4.2520
6.9013 0.0000 4.1132
6.2299 0.0000 3.7130
17.7398 0.0000 10.5729
10.4843 0.0000 6.2486
10.8398 0.0000 6.4605
17.6864 0.0000 10.5411
10.7280 0.0000 6.3939
6.9367 0.0000 4.1343
8.5086 0.0000 5.0711
3.7234 0.0000 2.2191
9.4625 0.0000 5.6397
10.6043 0.0000 6.3202
8.9006 0.0000 5.3048
14.9410 0.0000 8.9048
6.8169 0.0000 4.0629
11.5749 0.0000 6.8987
6.7211 0.0000 4.0058
3.9741 0.0000 2.3685
12.4351 0.0000 7.4113
11.2920 0.0000 6.7301
11.9759 0.0000 7.1376
17.7962 0.0000 10.6065
4.6847 0.0000 2.7921
12.5884 0.0000 7.5027
15.0723 0.0000 8.9831
4.4163 0.0000 2.6321
14.6590 0.0000 8.7368
10.0852 0.0000 6.0108
9.9731 0.0000 5.9439
7.5170 0.0000 4.4801
9.8100 0.0000 5.8468
11.1032 0.0000 6.6175
9.0666 0.0000 5.4037
8.9336 0.0000 5.3245
4.5738 0.0000 2.7260
11.7933 0.0000 7.0288
7.2975 0.0000 4.3493
9.4644 0.0000 5.6408
10.4298 0.0000 6.2162
11.2990 0.0000 6.7342
9.8589 0.0000 5.8759
10.3306 0.0000 6.1570
8.3308 0.0000 4.9652
12.1251 0.0000 7.2266
2.9150 0.0000 1.7374
12.2165 0.0000 7.2811
8.2497 0.0000 4.9168
7.6726 0.0000 4.5729
8.3063 0.0000 4.9506
2.7819 0.0000 1.6580
7.1956 0.0000 4.2886
7.8705 0.0000 4.6908
10.3580 0.0000 6.1734
9.2614 0.0000 5.5198
13.5498 0.0000 8.0757
13.1536 0.0000 7.8396
8.0194 0.0000 4.7796
6.0143 0.0000 3.5845
3.7954 0.0000 2.2620
16.4016 0.0000 9.7753
8.8905 0.0000 5.2988
4.1420 0.0000 2.4686
6.6472 0.0000 3.9617
7.7741 0.0000 4.6333
11.4732 0.0000 6.8380
17.5199 0.0000 10.4419
21.3963 0.0000 12.7522
7.0951 0.0000 4.2287
8.9813 0.0000 5.3529
11.2913 0.0000 6.7296
13.6707 0.0000 8.1478
6.9107 0.0000 4.1188
7.7452 0.0000 4.6162
16.2949 0.0000 9.7118
10.4515 0.0000 6.2291
8.8490 0.0000 5.2740
11.2915 0.0000 6.7297
8.1701 0.0000 4.8694
11.5495 0.0000 6.8835
12.8046 0.0000 7.6316
14.0371 0.0000 8.3661
7.2293 0.0000 4.3086
14.4099 0.0000 8.5883
16.3523 0.0000 9.7460
6.1481 0.0000 3.6642
14.9861 0.0000 8.9317
9.3027 0.0000 5.5444
10.7174 0.0000 6.3876
11.1167 0.0000 6.6255
14.6458 0.0000 8.7289
5.8490 0.0000 3.4860
14.9471 0.0000 8.9084
11.9322 0.0000 7.1116
15.0438 0.0000 8.9661
13.9528 0.0000 8.3159
5.1972 0.0000 3.0975
9.1553 0.0000 5.4566
5.7714 0.0000 3.4398
16.4806 0.0000 9.8224
12.9648 0.0000 7.7270
9.7009 0.0000 5.7817
10.6386 0.0000 6.3406
6.9345 0.0000 4.1330
14.7984 0.0000 8.8199
12.3263 0.0000 7.3465
15.6714 0.0000 9.3401
8.1223 0.0000 4.8409
10.0125 0.0000 5.9674
17.7428 0.0000 10.5747
13.2767 0.0000 7.9129
11.3018 0.0000 6.7359
3.8275 0.0000 2.2812
15.2976 0.0000 9.1174
10.8112 0.0000 6.4435
15.6255 0.0000 9.3128
12.9978 0.0000 7.7467
15.8267 0.0000 9.4327
7.2554 0.0000 4.3242
17.2539 0.0000 10.2833
6.0501 0.0000 3.6058
7.2077 0.0000 4.2958
15.1046 0.0000 9.0023
7.8012 0.0000 4.6495
12.7964 0.0000 7.6266
9.3769 0.0000 5.5886
15.0681 0.0000 8.9806
16.4725 0.0000 9.8176
25.1081 0.0000 14.9644
3.1279 0.0000 1.8642
8.5220 0.0000 5.0791
4.4053 0.0000 2.6256
11.6706 0.0000 6.9557
12.5259 0.0000 7.4654
10.7139 0.0000 6.3855
15.0827 0.0000 8.9893
5.3822 0.0000 3.2078
6.1840 0.0000 3.6856
8.8512 0.0000 5.2753
13.2233 0.0000 7.8811
11.3314 0.0000 6.7535
3.5069 0.0000 2.0901
4.8973 0.0000 2.9188
9.3039 0.0000 5.5451
8.0672 0.0000 4.8081
20.9315 0.0000 12.4752
18.9468 0.0000 11.2923
9.4967 0.0000 5.6600
7.5669 0.0000 4.5099
5.5860 0.0000 3.3293
7.2890 0.0000 4.3443
12.6489 0.0000 7.5387
9.5821 0.0000 5.7109
12.1040 0.0000 7.2140
7.9129 0.0000 4.7161
11.7048 0.0000 6.9761
15.7398 0.0000 9.3809
10.8800 0.0000 6.4845
6.9582 0.0000 4.1471
11.2054 0.0000 6.6784
17.3895 0.0000 10.3641
6.1206 0.0000 3.6479
12.1281 0.0000 7.2284
4.1964 0.0000 2.5010
15.2325 0.0000 9.0786
19.9711 0.0000 11.9028
8.3332 0.0000 4.9666
13.9594 0.0000 8.3198
14.1141 0.0000 8.4120
9.1173 0.0000 5.4339
6.3299 0.0000 3.7726
9.5545 0.0000 5.6945
4.6618 0.0000 2.7784
13.4692 0.0000 8.0277
9.1006 0.0000 5.4240
8.5533 0.0000 5.0977
10.1584 0.0000 6.0544
5.2813 0.0000 3.1477
9.6019 0.0000 5.7227
4.8827 0.0000 2.9101
9.1201 0.0000 5.4356
7.3468 0.0000 4.3787
16.6665 0.0000 9.9332
9.3681 0.0000 5.5834
5.0422 0.0000 3.0051
10.9227 0.0000 6.5099
9.8760 0.0000 5.8861
9.8197 0.0000 5.8525
9.6679 0.0000 5.7621
6.8411 0.0000 4.0773
7.8506 0.0000 4.6789
18.9243 0.0000 11.2789
8.3388 0.0000 4.9699
18.2421 0.0000 10.8723
9.7625 0.0000 5.8184
8.4286 0.0000 5.0235
5.7113 0.0000 3.4040
8.0649 0.0000 4.8067
10.2105 0.0000 6.0855
10.9621 0.0000 6.5334
6.5498 0.0000 3.9037
7.5405 0.0000 4.4941
11.0508 0.0000 6.5863
9.4807 0.0000 5.6505
6.7640 0.0000 4.0313
10.0736 0.0000 6.0039
5.5220 0.0000 3.2911
14.4702 0.0000 8.6243
17.7877 0.0000 10.6015
15.6143 0.0000 9.3061
10.8949 0.0000 6.4933
11.6923 0.0000 6.9686
13.4061 0.0000 7.9900
8.2951 0.0000 4.9439
7.5916 0.0000 4.5246
5.9727 0.0000 3.5597
10.9178 0.0000 6.5070
6.5918 0.0000 3.9287
13.8137 0.0000 8.2330
10.2802 0.0000 6.1270
8.1556 0.0000 4.8607
6.8637 0.0000 4.0908
6.7644 0.0000 4.0316
11.9875 0.0000 7.1446
18.7609 0.0000 11.1815
9.9493 0.0000 5.9298
17.1057 0.0000 10.1950
10.5078 0.0000 6.2626
9.2446 0.0000 5.5098
6.3891 0.0000 3.8079
8.7822 0.0000 5.2342
8.9219 0.0000 5.3174
3.2275 0.0000 1.9236
5.4063 0.0000 3.2222
7.8151 0.0000 4.6578
9.8776 0.0000 5.8870
12.5285 0.0000 7.4670
12.3129 0.0000 7.3385
11.8630 0.0000 7.0703
5.5928 0.0000 3.3333
10.6934 0.0000 6.3733
8.7605 0.0000 5.2212
6.2681 0.0000 3.7358
6.6058 0.0000 3.9371
10.9936 0.0000 6.5522
6.3024 0.0000 3.7563
7.7348 0.0000 4.6100
7.0528 0.0000 4.2035
8.9684 0.0000 5.3452
5.5731 0.0000 3.3216
9.3458 0.0000 5.5701
9.7610 0.0000 5.8176
6.3821 0.0000 3.8037
11.2893 0.0000 6.7285
13.3538 0.0000 7.9589
5.5385 0.0000 3.3009
6.3620 0.0000 3.7917
9.4484 0.0000 5.6313
5.7456 0.0000 3.4244
13.1591 0.0000 7.8428
7.8242 0.0000 4.6632
9.3808 0.0000 5.5910
9.1367 0.0000 5.4455
16.4201 0.0000 9.7864
7.9007 0.0000 4.7088
12.5288 0.0000 7.4671
8.1155 0.0000 4.8369
12.6224 0.0000 7.5229
14.9797 0.0000 8.9279
6.7463 0.0000 4.0208
5.8971 0.0000 3.5147
7.1834 0.0000 4.2813
2.9009 0.0000 1.7289
9.3206 0.0000 5.5551
10.6302 0.0000 6.3356
8.3622 0.0000 4.9839
5.3826 0.0000 3.2080
13.5522 0.0000 8.0771
10.0956 0.0000 6.0170
7.2917 0.0000 4.3458
11.3344 0.0000 6.7553
8.1222 0.0000 4.8408
8.6261 0.0000 5.1411
5.4001 0.0000 3.2185
11.1668 0.0000 6.6554
8.9392 0.0000 5.3277
10.7371 0.0000 6.3993
8.1813 0.0000 4.8761
9.9034 0.0000 5.9024
7.7263 0.0000 4.6049
17.2068 0.0000 10.2553
7.5848 0.0000 4.5205
9.1142 0.0000 5.4321
5.1508 0.0000 3.0698
12.7619 0.0000 7.6061
4.0871 0.0000 2.4359
6.1684 0.0000 3.6764
4.5813 0.0000 2.7305
6.3952 0.0000 3.8115
18.1515 0.0000 10.8183
6.9546 0.0000 4.1449
7.2600 0.0000 4.3269
9.2814 0.0000 5.5317
14.6290 0.0000 8.7189
4.9483 0.0000 2.9492
9.9562 0.0000 5.9339
6.0774 0.0000 3.6221
13.7360 0.0000 8.1867
10.3677 0.0000 6.1791
8.9620 0.0000 5.3413
11.5455 0.0000 6.8811
5.3796 0.0000 3.2062
17.7577 0.0000 10.5836
14.1248 0.0000 8.4184
10.4613 0.0000 6.2349
12.8192 0.0000 7.6402
7.1644 0.0000 4.2700
14.7848 0.0000 8.8118
2.5133 0.0000 1.4979
10.7975 0.0000 6.4353
16.7906 0.0000 10.0072
4.1029 0.0000 2.4453
7.9387 0.0000 4.7315
9.3625 0.0000 5.5801
6.1116 0.0000 3.6425
4.0585 0.0000 2.4189
8.1092 0.0000 4.8331
15.8546 0.0000 9.4493
9.1556 0.0000 5.4568
17.8948 0.0000 10.6653
16.4032 0.0000 9.7763
11.1494 0.0000 6.6450
3.8408 0.0000 2.2891
7.8265 0.0000 4.6646
10.9275 0.0000 6.5128
14.8220 0.0000 8.8339
10.2741 0.0000 6.1234
5.3492 0.0000 3.1881
6.5758 0.0000 3.9192
4.4248 0.0000 2.6372
8.8540 0.0000 5.2770
11.6589 0.0000 6.9487
11.1598 0.0000 6.6512
5.0292 0.0000 2.9974
9.1782 0.0000 5.4702
9.0230 0.0000 5.3777
10.8875 0.0000 6.4889
6.7348 0.0000 4.0139
14.2571 0.0000 8.4972
6.3746 0.0000 3.7993
7.8427 0.0000 4.6742
12.1832 0.0000 7.2612
11.2088 0.0000 6.6805
4.5641 0.0000 2.7202
15.4079 0.0000 9.1831
13.0988 0.0000 7.8069
9.2406 0.0000 5.5074
12.1742 0.0000 7.2558
9.8352 0.0000 5.8618
17.5516 0.0000 10.4608
7.7861 0.0000 4.6405
7.1875 0.0000 4.2838
6.8471 0.0000 4.0808
10.2474 0.0000 6.1075
11.8750 0.0000 7.0775
5.6719 0.0000 3.3804
5.9815 0.0000 3.5649
12.6211 0.0000 7.5222
6.9712 0.0000 4.1548
5.2393 0.0000 3.1226
6.1345 0.0000 3.6562
11.7713 0.0000 7.0157
6.8558 0.0000 4.0860
7.8658 0.0000 4.6880
4.8099 0.0000 2.8667
6.1028 0.0000 3.6372
11.0314 0.0000 6.5747
14.5820 0.0000 8.6909
9.2938 0.0000 5.5391
10.0429 0.0000 5.9856
9.7129 0.0000 5.7889
7.3862 0.0000 4.4022
14.8028 0.0000 8.8225
12.5977 0.0000 7.5082
12.1117 0.0000 7.2186
16.7793 0.0000 10.0005
7.2559 0.0000 4.3245
16.0721 0.0000 9.5790
11.1795 0.0000 6.6630
12.6451 0.0000 7.5365
11.1307 0.0000 6.6339
14.0055 0.0000 8.3473
21.1873 0.0000 12.6276
9.1079 0.0000 5.4283
9.3715 0.0000 5.5854
9.9856 0.0000 5.9514
4.8338 0.0000 2.8810
12.0505 0.0000 7.1821
12.7121 0.0000 7.5764
14.7673 0.0000 8.8013
13.4339 0.0000 8.0066
14.5879 0.0000 8.6944
13.3169 0.0000 7.9369
19.1455 0.0000 11.4107
9.8446 0.0000 5.8674
13.2991 0.0000 7.9263
9.3637 0.0000 5.5808
9.2051 0.0000 5.4863
6.1662 0.0000 3.6751
4.7629 0.0000 2.8387
6.2363 0.0000 3.7169
12.4281 0.0000 7.4072
13.6093 0.0000 8.1111
9.1434 0.0000 5.4495
9.5385 0.0000 5.6849
5.4605 0.0000 3.2545
8.0439 0.0000 4.7942
14.2636 0.0000 8.5011
13.1593 0.0000 7.8429
11.2453 0.0000 6.7022
8.1719 0.0000 4.8705
9.3102 0.0000 5.5489
11.6820 0.0000 6.9625
12.2899 0.0000 7.3248
6.0739 0.0000 3.6200
8.2947 0.0000 4.9436
10.7556 0.0000 6.4103
8.8367 0.0000 5.2667
6.8883 0.0000 4.1054
12.2600 0.0000 7.3070
9.1738 0.0000 5.4676
4.1405 0.0000 2.4678
9.1811 0.0000 5.4719
15.9864 0.0000 9.5279
17.0221 0.0000 10.1452
8.4831 0.0000 5.0560
6.3040 0.0000 3.7572
8.3793 0.0000 4.9940
10.5700 0.0000 6.2997
8.7006 0.0000 5.1856
7.4408 0.0000 4.4347
5.9475 0.0000 3.5447
4.1706 0.0000 2.4857
9.1745 0.0000 5.4680
3.0898 0.0000 1.8415
7.2629 0.0000 4.3287
14.9683 0.0000 8.9211
5.8682 0.0000 3.4975
8.4438 0.0000 5.0325
6.3626 0.0000 3.7921
9.9685 0.0000 5.9412
8.0757 0.0000 4.8131
11.0084 0.0000 6.5610
19.4628 0.0000 11.5998
10.7432 0.0000 6.4030
13.7366 0.0000 8.1870
6.1028 0.0000 3.6373
8.3722 0.0000 4.9898
9.9265 0.0000 5.9162
7.7691 0.0000 4.6304
7.4466 0.0000 4.4382
11.3541 0.0000 6.7670
14.5916 0.0000 8.6966
12.8637 0.0000 7.6667
5.3566 0.0000 3.1925
16.2557 0.0000 9.6884
12.7943 0.0000 7.6254
10.1438 0.0000 6.0457
6.7406 0.0000 4.0174
8.5843 0.0000 5.1163
6.7877 0.0000 4.0455
3.5728 0.0000 2.1294
15.0256 0.0000 8.9553
5.0357 0.0000 3.0013
14.7257 0.0000 8.7765
12.3189 0.0000 7.3421
10.5539 0.0000 6.2901
7.6146 0.0000 4.5383
9.8676 0.0000 5.8811
2.4792 0.0000 1.4776
15.3139 0.0000 9.1271
9.9906 0.0000 5.9544
13.1214 0.0000 7.8204
8.3216 0.0000 4.9597
14.1778 0.0000 8.4500
18.6909 0.0000 11.1398
13.7803 0.0000 8.2131
13.4002 0.0000 7.9865
9.0025 0.0000 5.3655
18.9322 0.0000 11.2836
8.7237 0.0000 5.1993
9.1923 0.0000 5.4786
8.9055 0.0000 5.3077
6.9217 0.0000 4.1253
8.4532 0.0000 5.0381
5.1082 0.0000 3.0445
12.1077 0.0000 7.2162
6.8501 0.0000 4.0827
21.8687 0.0000 13.0337
15.4309 0.0000 9.1968
12.8710 0.0000 7.6711
12.4088 0.0000 7.3956
13.1211 0.0000 7.8202
8.6404 0.0000 5.1497
9.1973 0.0000 5.4816
12.7536 0.0000 7.6011
10.9491 0.0000 6.5257
6.4553 0.0000 3.8473
9.0624 0.0000 5.4012
11.2153 0.0000 6.6843
15.1154 0.0000 9.0088
6.9085 0.0000 4.1175
12.3167 0.0000 7.3408
10.0338 0.0000 5.9802
3.9377 0.0000 2.3469
5.8282 0.0000 3.4736
7.3723 0.0000 4.3939
13.4238 0.0000 8.0006
14.4924 0.0000 8.6375
8.9492 0.0000 5.3337
9.8586 0.0000 5.8757
9.1923 0.0000 5.4786
6.8586 0.0000 4.0877
8.5905 0.0000 5.1199
12.3791 0.0000 7.3779
11.1360 0.0000 6.6371
14.3714 0.0000 8.5654
15.3246 0.0000 9.1335
30.9181 0.0000 18.4272
5.4299 0.0000 3.2362
9.7268 0.0000 5.7972
9.8953 0.0000 5.8976
11.3184 0.0000 6.7458
9.6217 0.0000 5.7346
10.7702 0.0000 6.4191
18.9736 0.0000 11.3083
4.9853 0.0000 2.9712
5.2945 0.0000 3.1555
9.4232 0.0000 5.6162
12.4664 0.0000 7.4299
7.8095 0.0000 4.6545
12.3942 0.0000 7.3869
6.9326 0.0000 4.1318
6.6892 0.0000 3.9868
2.9331 0.0000 1.7482
8.8121 0.0000 5.2520
10.6871 0.0000 6.3695
6.7756 0.0000 4.0382
23.0712 0.0000 13.7504
13.6997 0.0000 8.1650
13.0498 0.0000 7.7777
19.0263 0.0000 11.3397
9.9305 0.0000 5.9186
11.6324 0.0000 6.9329
10.1991 0.0000 6.0787
19.5253 0.0000 11.6371
8.5688 0.0000 5.1070
13.6218 0.0000 8.1186
4.2671 0.0000 2.5432
4.2980 0.0000 2.5616
15.2078 0.0000 9.0638
10.4275 0.0000 6.2148
15.8759 0.0000 9.4621
16.8810 0.0000 10.0611
3.7474 0.0000 2.2334
14.4271 0.0000 8.5985
14.3567 0.0000 8.5566
8.4104 0.0000 5.0126
9.8008 0.0000 5.8413
7.1867 0.0000 4.2833
10.1826 0.0000 6.0688
10.6353 0.0000 6.3386
9.5625 0.0000 5.6992
3.3284 0.0000 1.9837
5.5656 0.0000 3.3171
12.7009 0.0000 7.5698
9.2625 0.0000 5.5204
8.5808 0.0000 5.1141
9.5835 0.0000 5.7118
11.5027 0.0000 6.8556
15.4343 0.0000 9.1989
10.1241 0.0000 6.0340
10.1855 0.0000 6.0706
11.9238 0.0000 7.1066
5.1756 0.0000 3.0847
19.7924 0.0000 11.7963
10.3013 0.0000 6.1396
7.6276 0.0000 4.5460
4.8180 0.0000 2.8715
13.4972 0.0000 8.0443
7.8601 0.0000 4.6846
11.0485 0.0000 6.5849
2.6022 0.0000 1.5509
11.8918 0.0000 7.0875
17.7048 0.0000 10.5520
9.2128 0.0000 5.4908
8.3425 0.0000 4.9721
8.8696 0.0000 5.2863
9.7781 0.0000 5.8278
16.1476 0.0000 9.6240
6.2550 0.0000 3.7280
6.0140 0.0000 3.5844
9.4796 0.0000 5.6499
5.5973 0.0000 3.3360
12.0237 0.0000 7.1661
4.1029 0.0000 2.4453
18.5882 0.0000 11.0786
11.3358 0.0000 6.7562
10.8372 0.0000 6.4590
9.6723 0.0000 5.7647
10.3671 0.0000 6.1788
12.2028 0.0000 7.2729
12.9376 0.0000 7.7108
11.0224 0.0000 6.5694
15.2064 0.0000 9.0630
9.1670 0.0000 5.4635
4.8939 0.0000 2.9167
9.1911 0.0000 5.4779
12.3243 0.0000 7.3453
21.1094 0.0000 12.5812
7.3131 0.0000 4.3586
14.0999 0.0000 8.4035
8.9413 0.0000 5.3290
15.2881 0.0000 9.1117
11.7077 0.0000 6.9778
7.8121 0.0000 4.6560
13.6107 0.0000 8.1120
13.2132 0.0000 7.8751
9.7875 0.0000 5.8333
11.7298 0.0000 6.9909
10.6682 0.0000 6.3582
9.8060 0.0000 5.8444
11.9224 0.0000 7.1058
7.1198 0.0000 4.2434
6.0452 0.0000 3.6029
11.4843 0.0000 6.8446
7.7675 0.0000 4.6294
6.1238 0.0000 3.6498
4.3065 0.0000 2.5667
11.3431 0.0000 6.7605
8.7013 0.0000 5.1860
11.7936 0.0000 7.0290
15.0365 0.0000 8.9618
8.2897 0.0000 4.9407
12.6001 0.0000 7.5096
9.7479 0.0000 5.8098
6.8059 0.0000 4.0563
10.1836 0.0000 6.0694
11.5632 0.0000 6.8916
6.8744 0.0000 4.0972
10.7915 0.0000 6.4317
4.8998 0.0000 2.9203
10.9903 0.0000 6.5502
7.7930 0.0000 4.6446
8.7410 0.0000 5.2096
7.8880 0.0000 4.7013
14.7299 0.0000 8.7790
7.5507 0.0000 4.5002
14.3949 0.0000 8.5793
8.6952 0.0000 5.1824
2.6163 0.0000 1.5593
17.1936 0.0000 10.2474
9.4613 0.0000 5.6389
12.0881 0.0000 7.2045
5.5159 0.0000 3.2875
12.4802 0.0000 7.4382
15.1762 0.0000 9.0450
3.9194 0.0000 2.3359
12.0473 0.0000 7.1802
14.2161 0.0000 8.4728
16.2785 0.0000 9.7020
7.9554 0.0000 4.7414
7.2643 0.0000 4.3295
9.9527 0.0000 5.9318
12.8743 0.0000 7.6731
6.8378 0.0000 4.0753
14.1810 0.0000 8.4519
17.6003 0.0000 10.4898
4.2828 0.0000 2.5526
12.7031 0.0000 7.5711
5.8732 0.0000 3.5004
7.1408 0.0000 4.2559
4.5387 0.0000 2.7051
15.0195 0.0000 8.9516
9.8568 0.0000 5.8747
3.5718 0.0000 2.1288
16.9577 0.0000 10.1068
7.9737 0.0000 4.7523
7.1691 0.0000 4.2728
8.1889 0.0000 4.8806
5.8390 0.0000 3.4801
10.2394 0.0000 6.1027
8.7506 0.0000 5.2153
6.2225 0.0000 3.7086
7.8369 0.0000 4.6708
7.1476 0.0000 4.2600
12.5761 0.0000 7.4953
29.3207 0.0000 17.4751
10.8655 0.0000 6.4758
12.4735 0.0000 7.4342
13.8592 0.0000 8.2601
8.5445 0.0000 5.0925
6.2329 0.0000 3.7148
10.8040 0.0000 6.4392
10.0638 0.0000 5.9980
12.2836 0.0000 7.3210
20.2337 0.0000 12.0593
7.8033 0.0000 4.6508
20.2402 0.0000 12.0631
6.4428 0.0000 3.8399
10.4823 0.0000 6.2475
15.3217 0.0000 9.1318
10.9794 0.0000 6.5437
2.9467 0.0000 1.7562
6.5000 0.0000 3.8740
5.8729 0.0000 3.5002
8.3274 0.0000 4.9631
10.6428 0.0000 6.3431
12.7433 0.0000 7.5950
5.9271 0.0000 3.5326
6.1172 0.0000 3.6458
9.9930 0.0000 5.9558
6.8255 0.0000 4.0680
10.2042 0.0000 6.0817
11.9812 0.0000 7.1408
7.1076 0.0000 4.2361
12.6164 0.0000 7.5194
17.9524 0.0000 10.6996
8.0806 0.0000 4.8160
12.0802 0.0000 7.1998
9.0601 0.0000 5.3998
14.1770 0.0000 8.4495
7.7592 0.0000 4.6245
8.1756 0.0000 4.8726
13.9848 0.0000 8.3349
9.3615 0.0000 5.5794
6.8124 0.0000 4.0602
5.1280 0.0000 3.0563
11.0417 0.0000 6.5809
12.3516 0.0000 7.3616
7.2461 0.0000 4.3187
11.5587 0.0000 6.8890
11.3189 0.0000 6.7460
11.6351 0.0000 6.9345
14.2236 0.0000 8.4773
9.1492 0.0000 5.4529
6.4330 0.0000 3.8340
11.6889 0.0000 6.9666
4.6051 0.0000 2.7446
13.8832 0.0000 8.2744
8.1642 0.0000 4.8659
9.0512 0.0000 5.3945
14.8947 0.0000 8.8773
3.1912 0.0000 1.9019
11.3747 0.0000 6.7793
14.9164 0.0000 8.8902
11.2998 0.0000 6.7347
15.5726 0.0000 9.2813
10.6116 0.0000 6.3245
14.6476 0.0000 8.7300
19.7112 0.0000 11.7479
12.5545 0.0000 7.4825
22.8124 0.0000 13.5962
14.4764 0.0000 8.6280
16.4297 0.0000 9.7921
18.4928 0.0000 11.0217
16.4283 0.0000 9.7913
5.6413 0.0000 3.3622
15.7226 0.0000 9.3706
5.4539 0.0000 3.2505
5.9374 0.0000 3.5387
7.7251 0.0000 4.6041
10.7209 0.0000 6.3897
15.9948 0.0000 9.5329
6.3681 0.0000 3.7954
15.5923 0.0000 9.2930
8.5567 0.0000 5.0998
11.7860 0.0000 7.0245
13.0123 0.0000 7.7553
7.9895 0.0000 4.7618
9.8156 0.0000 5.8501
9.2405 0.0000 5.5073
3.3563 0.0000 2.0004
5.8499 0.0000 3.4865
3.9110 0.0000 2.3310
14.4823 0.0000 8.6315
5.9515 0.0000 3.5471
10.9905 0.0000 6.5504
9.5460 0.0000 5.6894
11.0426 0.0000 6.5814
14.0938 0.0000 8.3999
12.7318 0.0000 7.5882
6.0603 0.0000 3.6119
9.4403 0.0000 5.6264
19.9128 0.0000 11.8680
13.2685 0.0000 7.9080
6.3423 0.0000 3.7800
13.3831 0.0000 7.9763
12.2308 0.0000 7.2896
9.7185 0.0000 5.7922
8.6470 0.0000 5.1536
4.8564 0.0000 2.8944
6.5661 0.0000 3.9134
15.4263 0.0000 9.1941
27.6436 0.0000 16.4756
15.0363 0.0000 8.9616
6.2054 0.0000 3.6984
12.9561 0.0000 7.7218
11.4984 0.0000 6.8531
7.4682 0.0000 4.4510
6.9664 0.0000 4.1520
8.2532 0.0000 4.9189
5.5148 0.0000 3.2868
9.1122 0.0000 5.4309
15.9310 0.0000 9.4949
17.4004 0.0000 10.3706
13.2661 0.0000 7.9066
17.2930 0.0000 10.3066
14.3287 0.0000 8.5399
15.0514 0.0000 8.9706
23.0047 0.0000 13.7108
7.5306 0.0000 4.4882
14.3412 0.0000 8.5474
8.1849 0.0000 4.8782
10.4675 0.0000 6.2387
11.1322 0.0000 6.6348
8.5317 0.0000 5.0849
11.5467 0.0000 6.8819
5.5205 0.0000 3.2902
16.8683 0.0000 10.0535
7.1538 0.0000 4.2636
14.9700 0.0000 8.9221
6.2239 0.0000 3.7094
10.9186 0.0000 6.5075
9.8357 0.0000 5.8621
8.2810 0.0000 4.9355
7.6998 0.0000 4.5891
13.5887 0.0000 8.0989
11.9541 0.0000 7.1247
17.4077 0.0000 10.3750
13.1223 0.0000 7.8209
9.6504 0.0000 5.7516
14.1390 0.0000 8.4269
8.3572 0.0000 4.9809
14.2389 0.0000 8.4864
10.3613 0.0000 6.1754
8.5901 0.0000 5.1197
13.7678 0.0000 8.2056
10.2801 0.0000 6.1270
16.6978 0.0000 9.9519
6.8975 0.0000 4.1109
17.9698 0.0000 10.7100
11.9990 0.0000 7.1514
6.5758 0.0000 3.9192
10.7005 0.0000 6.3775
3.0692 0.0000 1.8292
7.0756 0.0000 4.2171
10.4523 0.0000 6.2296
6.3018 0.0000 3.7559
4.5486 0.0000 2.7109
10.6993 0.0000 6.3768
8.6218 0.0000 5.1386
12.0251 0.0000 7.1669
13.7895 0.0000 8.2186
9.2148 0.0000 5.4920
15.1781 0.0000 9.0462
11.7976 0.0000 7.0314
7.6574 0.0000 4.5638
12.3410 0.0000 7.3552
3.6324 0.0000 2.1649
10.8461 0.0000 6.4643
12.0343 0.0000 7.1724
11.0909 0.0000 6.6102
10.3790 0.0000 6.1859
10.2159 0.0000 6.0887
7.7528 0.0000 4.6207
13.6860 0.0000 8.1569
20.1273 0.0000 11.9959
5.4101 0.0000 3.2244
21.5192 0.0000 12.8255
14.8916 0.0000 8.8754
7.3187 0.0000 4.3620
2.9697 0.0000 1.7699
11.4622 0.0000 6.8315
15.6996 0.0000 9.3569
13.1904 0.0000 7.8615
5.4495 0.0000 3.2479
9.8338 0.0000 5.8609
12.4960 0.0000 7.4476
11.0712 0.0000 6.5984
21.3751 0.0000 12.7395
7.4754 0.0000 4.4553
9.0748 0.0000 5.4086
16.8586 0.0000 10.0477
6.5447 0.0000 3.9006
10.0998 0.0000 6.0195
10.2317 0.0000 6.0981
9.4605 0.0000 5.6385
5.5810 0.0000 3.3262
6.0897 0.0000 3.6295
14.0998 0.0000 8.4035
10.6029 0.0000 6.3193
13.3635 0.0000 7.9647
17.1862 0.0000 10.2430
14.3149 0.0000 8.5317
7.2916 0.0000 4.3458
7.5336 0.0000 4.4900
15.1049 0.0000 9.0025
12.7257 0.0000 7.5845
13.2306 0.0000 7.8855
8.1675 0.0000 4.8678
14.4802 0.0000 8.6302
6.9215 0.0000 4.1252
10.1089 0.0000 6.0249
8.4272 0.0000 5.0226
14.2027 0.0000 8.4648
12.3482 0.0000 7.3595
10.4547 0.0000 6.2310
7.0106 0.0000 4.1783
12.1578 0.0000 7.2460
7.1827 0.0000 4.2809
9.6827 0.0000 5.7709
10.6086 0.0000 6.3227
15.7451 0.0000 9.3841
7.5116 0.0000 4.4769
8.4132 0.0000 5.0143
8.6735 0.0000 5.1694
6.1018 0.0000 3.6367
14.8892 0.0000 8.8739
8.8441 0.0000 5.2711
9.7423 0.0000 5.8064
7.6864 0.0000 4.5811
6.0805 0.0000 3.6240
13.6664 0.0000 8.1452
5.5289 0.0000 3.2952
7.4768 0.0000 4.4562
10.3293 0.0000 6.1563
9.3433 0.0000 5.5686
10.6338 0.0000 6.3377
10.8441 0.0000 6.4631
12.1349 0.0000 7.2324
7.7121 0.0000 4.5964
5.0450 0.0000 3.0068
11.3756 0.0000 6.7799
9.7529 0.0000 5.8128
21.1505 0.0000 12.6057
11.0723 0.0000 6.5991
8.8927 0.0000 5.3001
4.9111 0.0000 2.9270
7.5793 0.0000 4.5172
5.7135 0.0000 3.4052
12.3507 0.0000 7.3610
20.7172 0.0000 12.3474
6.7212 0.0000 4.0058
18.6727 0.0000 11.1289
8.8074 0.0000 5.2492
8.0618 0.0000 4.8048
5.0367 0.0000 3.0019
10.0093 0.0000 5.9656
10.3360 0.0000 6.1603
16.8760 0.0000 10.0581
16.6270 0.0000 9.9097
8.5576 0.0000 5.1003
13.9569 0.0000 8.3183
6.4523 0.0000 3.8456
8.3345 0.0000 4.9674
7.9063 0.0000 4.7122
9.3780 0.0000 5.5893
10.8282 0.0000 6.4536
11.7357 0.0000 6.9945
10.3297 0.0000 6.1565
16.5168 0.0000 9.8440
8.3043 0.0000 4.9494
9.9205 0.0000 5.9126
7.6260 0.0000 4.5451
11.6148 0.0000 6.9224
9.5631 0.0000 5.6996
8.1153 0.0000 4.8367
5.4129 0.0000 3.2261
11.9810 0.0000 7.1407
12.3641 0.0000 7.3690
13.5448 0.0000 8.0727
15.1777 0.0000 9.0459
11.3393 0.0000 6.7582
10.6137 0.0000 6.3257
6.6080 0.0000 3.9384
10.9322 0.0000 6.5156
10.1653 0.0000 6.0585
