24.0926
23.8156
23.9846
23.8748
24.4164
23.7335
24.1003
23.8326
23.9243
24.1050
24.0863
24.1639
24.3109
23.6999
23.7770
23.7030
23.8687
23.6637
23.9035
23.7593
23.8565
23.9307
24.1318
23.9379
23.7896
23.8699
24.1502
23.8031
23.7735
23.4529
23.6560
23.6048
24.0656
23.5105
23.5781
23.4865
23.1892
23.6547
23.6914
23.7178
23.9650
23.7323
23.6637
23.9848
24.1421
23.7489
24.0764
24.0097
24.0658
23.8148
23.6144
23.7715
23.6648
24.0679
23.9589
23.6816
23.9079
23.4590
23.4369
23.6300
23.3434
23.3754
23.3775
23.2910
23.2129
23.2180
23.9209
24.0336
23.3646
23.7230
23.6751
23.8123
23.5662
23.3942
23.5851
23.7972
24.0521
24.1851
23.9437
23.7347
23.9251
23.8013
23.7998
23.9926
23.5426
23.7720
24.0015
23.5998
23.7647
23.5932
23.7435
24.0914
23.7865
23.9615
23.7044
23.6023
23.8759
23.6809
23.4146
23.7853
23.7062
24.0110
23.5954
23.9091
23.6407
23.6775
23.9725
23.5467
23.7244
23.6574
23.6707
23.4328
23.7442
23.7852
23.6370
23.4614
24.0046
23.8608
23.9294
23.7810
23.7963
23.8452
24.0479
23.8763
24.0717
23.8208
24.0967
24.1910
24.1319
23.6597
23.9938
23.7054
23.6943
23.1672
23.5632
23.8476
23.7971
23.9654
24.1874
23.8586
23.8966
24.5829
24.1914
24.3203
24.0604
24.1044
24.1746
24.5887
23.8773
23.5755
23.9063
24.0777
24.0581
24.4239
24.2634
24.0567
23.9953
23.7672
23.8070
23.6328
24.3036
24.1638
23.9414
23.7759
24.1759
24.0263
24.0485
23.9046
24.3518
24.2154
24.5624
24.1717
23.7560
23.9343
24.2371
24.1547
23.9546
24.0005
23.7791
23.6472
23.6737
23.3883
24.0424
23.6742
23.8759
23.7661
24.1788
24.0320
24.2516
23.8382
24.0652
24.0777
23.6518
24.0266
24.1377
24.1878
24.1071
24.0332
24.1891
24.1200
23.6884
23.5909
23.8396
23.9699
23.7041
24.2955
23.8653
24.1755
24.6036
24.6772
24.0577
24.2193
24.4412
24.2317
24.3788
24.1553
24.3373
24.1575
24.3353
24.3095
24.2546
24.2381
24.0558
24.1744
24.1252
24.2859
23.9883
24.2832
24.2291
24.2624
23.8940
23.8585
23.4924
23.9565
23.8670
23.4969
24.2287
23.9049
23.9514
24.0637
24.0402
24.1254
24.3353
24.5168
24.7335
24.6507
24.3110
23.9881
24.3144
24.0464
24.4574
24.3398
24.0686
23.4675
23.8877
24.1338
24.1389
23.8491
24.1442
23.9511
23.6631
24.2537
24.2599
24.5275
24.5081
24.5146
24.5063
24.3149
24.0866
24.3917
24.0072
23.7723
23.8571
24.0552
24.0128
24.1007
23.7224
24.0313
24.0492
24.1664
24.0897
24.2013
24.7993
24.5108
24.3826
24.2293
24.2978
24.2228
24.3207
24.3839
23.8734
24.2616
24.4159
24.5382
24.1965
24.0559
24.0896
24.0066
23.9671
24.3798
23.6736
23.6480
24.2593
23.7680
23.7238
24.2244
24.1110
23.8793
23.9208
23.8635
23.8212
23.8427
24.1119
24.4237
24.5228
24.5458
24.5705
24.3827
23.8634
24.2496
24.0419
24.4605
23.8575
24.0952
23.9015
24.0406
23.7028
24.2178
23.9622
23.9521
24.0805
24.1440
24.0727
23.9906
23.8915
24.0047
23.9392
24.1523
24.0061
23.9414
24.3315
24.1883
23.7559
24.1409
23.9249
24.3510
24.0727
24.0668
23.6739
24.1049
23.9386
23.7892
23.8245
23.6005
23.6539
23.8052
23.9179
24.0797
23.9409
23.6507
23.6829
24.3107
23.8609
23.5283
23.5491
23.8349
23.7783
23.9678
23.1658
23.5290
23.5659
23.8869
23.8886
23.2903
23.4524
23.6737
23.6855
23.8326
23.8355
23.9462
23.8241
23.4792
23.3845
23.6370
23.4744
23.7463
23.8578
24.2289
23.8755
23.8901
23.9141
24.0576
23.9402
23.9053
24.4003
23.7194
23.9923
24.0149
24.0036
23.7934
23.7071
23.8910
23.6394
23.4799
23.6108
23.9254
23.7217
23.8860
24.0867
23.8622
23.5900
23.8918
23.6650
23.9886
24.0414
23.8526
23.6290
23.6439
23.9166
23.9474
23.9076
23.8177
24.0059
24.1273
23.8653
24.0783
24.1536
24.1662
24.1514
24.0152
24.0269
23.9563
23.8141
23.8535
23.8231
23.7405
23.8626
23.7644
24.1914
24.1939
23.9277
24.1902
23.7025
24.0451
24.0898
23.8916
23.9785
24.0432
23.7860
24.0650
24.2327
24.1012
23.8357
24.0982
24.2258
23.6971
24.1351
24.2572
24.0808
24.1547
23.7793
23.7193
23.7862
23.5101
24.1926
23.9346
24.0034
24.4366
23.9699
23.8926
24.0224
24.1939
23.7948
23.9279
24.1275
23.8506
23.9223
23.9434
23.4423
23.5043
23.3386
23.6078
23.6344
24.0196
24.2151
24.5073
24.3392
24.5265
24.3458
24.0652
24.0444
23.4888
23.6732
23.9353
24.1102
23.6736
24.3395
23.8989
24.0903
24.2277
23.9764
24.1551
23.9164
23.7567
23.9830
23.8685
23.5863
23.5616
23.7765
23.9339
23.9547
24.2686
23.8447
23.8583
24.3186
24.0121
24.0135
24.2097
24.1548
24.4652
24.4022
24.4650
24.2425
23.8480
23.7122
24.2224
24.1258
24.0530
23.6683
24.0454
24.0188
23.7417
24.2332
24.1633
24.1991
24.3433
24.4037
23.9019
23.7068
23.7732
23.9400
24.3392
23.9855
23.8639
23.7324
23.7932
24.1159
23.7408
24.2133
23.8006
23.5488
23.7555
23.7027
23.8281
23.7260
23.7176
23.5396
23.5735
23.6008
23.6297
23.6879
23.2632
23.5349
23.7257
23.6719
23.6512
24.2189
23.5744
23.8190
23.6424
23.3822
23.5419
23.3136
23.8288
24.2137
24.2620
23.9882
24.2321
23.9066
23.9979
23.8527
24.0890
24.2332
24.3226
24.1320
24.4410
24.0445
24.0988
23.8193
23.7694
23.9709
23.6898
24.0228
24.2714
24.3838
23.7149
23.9004
24.1080
23.8679
23.8775
23.7152
23.7893
24.0097
24.1729
23.9524
23.7368
23.9426
24.1113
24.0969
24.1112
24.0485
23.9888
24.2692
24.4228
24.5907
24.0495
23.9192
24.1107
24.2787
24.1373
23.9928
24.3213
24.3332
24.3291
24.3195
24.3942
24.6677
23.9709
23.8314
24.0462
24.2402
24.0841
23.9681
24.1844
24.3953
24.3721
23.8848
24.0013
24.5422
24.6484
24.5232
24.3566
24.2470
24.5537
24.5416
24.6745
24.4920
24.6294
24.2830
24.2652
24.7044
24.2256
24.1687
24.7170
24.6300
24.2278
24.2686
24.4143
24.2141
24.4695
24.4691
24.2791
24.1817
24.4136
24.3621
24.0836
24.1591
24.4579
24.5706
24.0841
24.4034
24.3571
24.2478
24.2648
24.2029
24.3800
24.1827
24.8455
24.4093
24.3349
24.3745
23.9919
24.5952
24.1898
24.6185
24.6109
24.5909
24.1604
24.4875
24.0764
24.5544
24.2881
24.0296
24.0729
24.3253
24.4830
24.3537
24.4104
24.3946
24.2607
24.2525
24.1120
23.7483
24.1713
24.0742
23.8028
24.1899
24.2170
24.2206
24.3839
23.9508
24.2868
24.4747
24.2542
23.8699
24.0892
24.2691
24.1448
23.7133
23.9054
24.0481
24.2513
24.2696
24.2200
24.1548
24.3081
24.6179
24.4517
24.4006
24.2732
23.9595
24.1766
24.1608
24.1512
24.0612
24.2354
24.0673
24.4356
23.9278
24.9246
24.1138
23.8756
24.1586
24.4206
24.0568
24.5342
24.1168
24.1698
24.3935
24.4866
24.5677
24.5808
24.7709
24.2885
24.5185
24.6484
24.5263
24.5145
24.5021
24.9285
24.2932
24.3146
24.1837
24.7464
24.6053
24.3612
24.0594
23.8646
23.9038
24.2625
23.9940
24.0685
23.8483
23.8770
23.7848
23.6701
23.9245
24.2974
23.7405
23.4992
23.3581
23.6505
23.4224
23.4619
23.2545
23.6222
23.4541
23.4881
23.3960
23.7440
23.9228
23.7047
23.5311
23.5089
23.5397
23.5898
23.6339
23.5632
23.9160
24.0568
23.8730
23.5033
23.9773
23.8798
24.4981
24.6452
24.4342
23.7694
24.2675
23.9058
24.3156
23.9803
24.1866
23.8196
24.0815
24.2028
24.1212
24.1507
24.0591
24.2135
24.0769
24.3010
24.1836
23.8148
23.9432
23.9947
23.8712
23.9697
24.4444
24.5033
24.1222
23.9563
24.1490
24.6180
24.3127
24.5703
24.2941
23.9882
24.2465
24.1876
24.0225
23.8887
23.7496
24.0503
24.0011
23.9421
23.9724
23.8480
24.1731
23.8450
23.6704
23.3821
23.3118
23.1855
23.7661
23.7577
23.8052
23.5848
23.1133
23.2695
23.1954
23.6218
24.0189
23.6785
23.8636
24.4105
24.3083
23.9224
24.0164
23.9912
24.2246
24.0298
24.0229
24.0229
24.3651
24.2828
24.1617
23.9541
24.0305
24.2604
24.1941
24.5731
24.2009
23.9988
23.8338
23.8802
24.1831
24.1621
24.0950
24.2407
24.0065
23.9087
24.0543
24.1291
24.1760
24.1369
24.0514
24.1523
24.1295
23.7457
23.7224
23.7296
23.6328
23.7654
23.5417
23.7046
23.8576
23.9864
24.0825
23.5098
23.8961
23.3694
23.9120
23.8560
23.9649
24.1436
24.1484
23.9639
24.1558
23.9862
24.2259
24.0683
24.2087
23.8786
23.9602
24.0320
23.8613
23.8092
23.8249
24.1404
23.8524
23.5283
23.5010
23.9126
23.9719
23.8852
24.0371
24.3053
23.6596
23.9018
23.5775
23.7059
23.6647
23.9430
23.6471
24.1974
24.1056
23.9989
24.1744
24.0030
24.1733
24.3088
24.0741
24.0179
24.3355
23.8705
23.7243
23.7623
23.9939
23.8582
23.6763
23.8044
23.8334
23.7175
23.6488
23.7012
23.7512
23.8932
24.0681
23.9675
23.9546
23.9496
23.8951
24.0202
24.0850
23.9665
23.9307
23.7080
23.6763
23.9737
23.8327
23.7944
23.8532
23.8787
23.9122
23.8330
23.9126
23.8857
23.6825
24.1325
24.0368
23.8436
23.8770
24.2057
24.0618
23.9750
23.9283
23.8583
23.9384
23.9603
24.0296
24.2573
24.4996
24.1068
24.2821
24.2609
24.3404
24.2713
24.1748
24.1061
24.1287
23.6383
23.8396
23.8250
23.3974
23.4932
23.4487
23.5661
23.6032
23.8333
23.7557
23.9328
23.6405
23.6276
23.8061
23.7365
23.6601
23.7822
23.8519
23.5210
23.7653
23.6936
23.9336
23.8589
24.0069
23.8966
24.0219
23.7883
23.8974
24.2058
24.2553
24.1927
24.0062
23.9665
24.1391
23.9439
24.0306
23.9735
24.0800
24.1763
24.1052
23.9244
24.0352
24.1859
24.0207
24.1620
24.1837
24.0760
23.7455
24.1798
24.0280
23.5745
24.1231
23.9665
24.0876
24.2163
24.1954
24.1155
24.2020
23.8744
23.9081
23.8347
23.9982
23.6833
23.8715
24.0440
23.6400
23.9774
24.1107
24.2911
24.0077
24.0412
24.1469
23.9756
24.1754
24.2207
24.1239
23.8669
23.6547
24.2514
23.9878
24.0005
23.6270
24.0740
23.7703
23.8983
24.0417
23.9667
24.2054
23.8810
23.9284
23.8204
23.4719
23.3691
23.8166
23.8378
23.8731
23.7486
23.7822
23.5418
23.9762
23.7803
23.6359
23.8243
23.5956
23.7552
23.6019
23.8690
24.0601
23.9429
23.7311
24.1181
23.9361
23.8542
24.0933
24.1210
24.0340
23.7794
24.3694
23.9921
23.9480
23.6395
24.1108
23.7670
24.3337
24.0172
23.9426
24.0723
24.2616
23.8869
23.7198
23.6054
24.2207
23.8459
24.3556
24.0853
24.1797
23.8808
24.3823
24.3389
24.1177
24.4852
24.3901
24.4680
24.4012
24.2280
24.5796
24.4844
23.9892
23.7821
23.7070
24.1001
23.9360
23.8507
24.0996
23.7231
23.8137
23.8977
23.7528
23.4784
24.0341
24.1796
23.9875
23.9715
24.1348
23.8500
23.6203
23.8749
24.1218
24.0170
24.1354
23.8564
24.0543
24.3681
24.0669
23.8346
24.0219
23.8324
23.9006
24.0901
24.4094
24.0244
24.1405
24.1045
24.2289
24.5272
24.5351
24.3261
24.5056
24.3787
24.6059
24.4139
24.8134
24.3814
24.3123
24.2932
23.8857
24.1465
24.1817
24.5716
24.3048
24.1912
24.5032
23.8354
23.9763
24.0971
24.2165
23.9910
24.3434
24.4119
24.6916
24.3930
24.5589
24.1803
24.2736
24.2021
24.4020
23.5790
24.2043
24.1743
23.9532
24.3225
24.1103
24.2648
24.1877
24.2365
24.1976
24.3736
24.2783
24.2561
24.3020
24.5631
24.5637
24.1511
24.4005
24.4613
24.2755
24.3887
24.3249
24.2969
24.3879
23.9349
24.2164
24.7495
24.0761
24.7466
24.2957
23.9652
24.3286
24.2860
24.3753
24.2434
24.1293
23.9331
23.7337
24.2955
23.7147
23.9114
23.6502
23.9929
23.8140
23.9162
23.7505
23.8242
23.8305
24.1983
24.1709
23.8356
24.3010
24.3683
24.1610
24.1242
24.0414
24.1885
24.1561
24.0741
24.0324
23.9061
24.0268
24.2311
24.2410
24.4516
24.1610
24.3186
24.6724
24.2594
24.1269
23.9237
24.0594
23.7266
23.8759
24.2270
24.1104
23.9807
23.8203
24.1403
23.9462
23.6635
23.6931
23.9310
24.3788
24.2358
24.4343
24.4721
24.2040
24.3953
24.6780
24.5359
24.6534
24.4124
24.3613
24.4662
24.7185
24.5792
24.5021
24.6715
24.3404
24.2639
24.2676
24.1231
24.2788
24.0936
24.0608
24.2626
24.2245
24.3125
24.5038
24.2384
24.3072
24.3600
24.4278
24.3943
24.1764
24.0172
23.8130
24.3130
24.0075
24.0805
23.9778
24.0790
24.2709
24.3873
24.3983
24.6872
24.2605
24.1138
24.4852
24.4312
24.7128
24.3608
24.3847
24.1397
23.9084
24.2360
23.9208
24.1269
24.2898
24.2938
24.3620
24.3841
24.5564
24.2164
24.3921
24.3158
24.7219
24.4052
24.4008
23.7280
23.9715
24.3329
23.7652
24.2014
24.8609
24.1254
23.6532
23.8330
24.2043
24.0798
23.8149
23.6606
23.5401
23.7354
23.5784
23.5985
23.4961
23.5840
23.3890
23.6545
23.7496
24.0512
24.2348
23.9259
23.4832
23.6383
23.6093
23.9082
23.6376
23.8017
23.7710
24.1142
23.8677
24.1998
23.7793
24.0005
23.9265
23.8665
23.7856
23.6160
23.5860
23.6402
23.3854
23.6932
23.2688
23.4607
23.5383
23.2758
23.3661
23.7216
23.5026
23.6282
23.4455
23.4529
23.5378
23.5176
23.5502
23.6906
23.9802
23.7506
23.7099
23.8265
23.3661
23.9623
23.6577
23.8391
23.3102
23.8685
23.8776
23.9443
23.9849
23.8658
23.8652
23.7840
23.7001
23.7963
23.9052
23.6739
23.6606
23.9956
23.6844
23.8913
23.6236
23.5121
23.8580
23.6766
23.8422
23.6288
23.2610
23.7551
24.0217
23.5797
23.3547
23.6176
23.3469
23.6271
23.3535
23.9537
23.9880
23.8094
24.1385
23.7228
23.9488
23.9179
23.9586
24.0461
23.8901
24.2567
24.2002
24.0979
24.1244
24.0208
23.9314
24.1996
24.2509
24.0201
23.9404
23.8948
23.8110
23.6464
23.6263
23.6194
23.6983
24.0714
24.0970
23.5527
23.8507
23.7490
23.5955
24.1573
23.8394
24.5935
23.9833
24.0813
24.1686
23.8769
24.3943
24.2267
24.1317
24.1241
24.1553
23.9526
24.0769
24.1233
24.2254
24.4025
24.1403
23.9687
23.8603
23.7316
24.1097
23.5159
23.5526
23.5719
23.6719
23.8492
23.3198
23.6143
23.9072
23.8369
23.8522
23.5831
23.2500
23.6491
24.0980
23.9437
23.7539
23.8147
23.9457
23.4986
23.5727
23.4927
23.1612
23.3941
23.6417
23.8747
23.7635
23.9581
23.7654
23.6809
23.7113
23.8005
23.9069
24.4081
24.3441
23.7673
24.3107
23.9238
23.7298
23.5441
23.7719
23.8918
23.9689
23.6986
23.6235
23.7629
24.2174
24.3353
23.7872
23.6660
23.7726
24.1688
24.2605
23.8645
24.0020
24.1080
23.9003
24.0848
23.9575
24.1411
23.9056
24.0398
24.1942
23.6864
23.9926
24.1527
24.2858
24.0166
24.1088
24.4527
24.0981
24.0258
24.2258
24.3951
24.2120
24.2121
24.5770
24.1042
24.6518
24.4701
24.7891
24.2631
24.2493
24.0160
24.3040
24.0867
24.2831
24.1053
24.0900
24.1776
24.1500
23.9378
24.0421
24.2967
24.0284
24.0565
23.5740
24.1433
23.9116
23.8808
23.7696
24.1033
24.0800
23.8997
24.1361
24.4127
24.0856
24.3157
24.0952
24.3928
23.9234
24.0121
23.9552
23.7246
23.9121
24.1529
23.9620
23.6100
23.6414
23.0611
23.1698
23.3457
23.7377
24.0585
24.0115
24.2552
23.9237
23.8044
24.2112
24.2667
24.1067
24.0234
23.7725
23.6145
23.4572
23.6335
23.7090
23.8234
23.9926
24.1734
24.0235
23.8668
24.2451
23.8686
24.0630
24.3784
24.0972
24.5619
24.1747
24.3241
24.4232
24.3728
24.1846
24.2469
24.1141
24.1427
23.8605
24.1359
24.2031
24.1837
23.8887
23.8928
24.0159
23.9253
24.5214
24.2511
24.2599
24.0914
23.9350
24.0486
24.0463
24.0919
23.9157
24.3514
23.9136
24.0561
24.0346
24.1085
24.4989
24.6172
24.7412
24.8038
24.7803
24.4089
24.7149
24.5980
24.5698
24.2856
24.1100
24.6160
24.3828
24.5561
24.1254
24.2248
23.8196
23.7437
23.8721
24.0573
24.2071
24.2383
24.2090
24.2951
24.7055
24.5804
24.0143
24.3897
24.4153
25.1898
24.6743
24.7739
24.7423
24.8673
24.9846
24.7161
24.5960
24.3759
24.7372
25.0804
24.6390
24.7691
24.5903
24.4733
25.0047
24.5379
24.3489
24.7130
24.8908
24.3313
24.3920
24.8546
24.8632
24.7442
24.6513
24.6600
24.3948
24.6037
24.3912
24.6376
24.5534
24.4328
24.0707
24.7866
24.7959
25.2561
25.0530
24.7112
25.2389
25.1309
25.2999
25.1505
25.5078
25.2513
24.5389
24.8262
25.3103
25.7290
25.9822
25.6073
25.3545
26.1114
26.0262
26.3468
25.9622
25.9135
25.4361
25.1397
25.0768
25.2133
25.1479
24.6774
24.9001
25.1796
24.6964
25.0649
24.6838
23.8705
24.1059
24.3530
24.1442
24.2361
24.4257
24.9746
24.6349
24.6614
24.3221
24.7176
24.4744
23.9295
24.2163
24.0732
24.1458
24.4043
24.3381
24.5516
24.3222
24.3474
24.5965
24.7945
24.1453
24.3696
24.2933
24.5148
24.4045
24.5503
24.2124
24.5397
24.5964
24.4550
24.2209
24.6780
24.6445
24.2757
24.4107
24.0514
24.5829
25.1077
24.8099
24.3324
24.2406
24.5336
24.1657
24.3906
24.5165
24.6039
24.6184
24.3020
23.8803
24.2916
24.5067
24.3799
24.6630
24.8735
24.7266
24.5500
24.7172
24.2859
23.8442
24.2785
24.6445
25.1112
24.9204
25.1716
25.0626
25.0182
25.1544
24.9981
24.8330
24.8162
24.2989
24.9880
24.6556
24.6783
24.4758
24.5946
24.1820
24.6976
24.8740
24.9596
24.6966
24.7297
24.9041
25.0867
25.1582
24.8331
24.8973
24.4620
24.7406
24.9331
24.5338
24.7340
25.1448
25.2445
24.8695
25.0729
24.5125
25.4070
24.6634
24.8655
24.6548
24.2734
24.3761
24.6844
24.7718
24.9803
24.7628
24.7058
24.8691
24.9743
24.9501
24.7292
25.0827
24.5112
24.8683
24.6005
24.6111
24.5321
24.5707
24.6743
24.7280
24.4994
24.6941
24.9514
24.5441
24.4007
24.5323
24.3547
24.4187
23.9591
24.6259
24.1543
23.9348
24.0120
23.9855
24.4117
24.8460
24.7322
24.4781
24.4378
24.6647
24.6395
24.6002
24.2177
24.2715
24.7805
24.5267
24.5181
24.2725
24.3894
24.6548
24.4850
24.6134
24.4440
24.5118
24.2205
24.7686
24.4006
24.6872
24.4593
24.2497
24.6824
24.0184
24.2588
24.1684
24.0390
24.6723
24.8034
24.4841
24.6470
24.7329
24.5637
24.5946
24.7080
25.0649
25.0742
25.0011
25.0442
24.7404
24.9629
24.9561
24.7930
24.6701
24.8144
24.8662
25.0156
24.7112
24.4769
24.7618
25.0702
24.8322
24.7371
25.1697
25.1077
24.5003
24.9102
24.7919
25.2891
24.8107
24.5898
25.1314
25.0521
24.8424
24.6835
24.7917
24.7748
24.7813
24.5842
24.6381
24.8007
24.5432
24.9767
24.7673
25.0477
24.4065
24.8655
24.6661
24.6144
24.1819
24.4664
24.2387
24.8547
24.7681
24.7915
24.8059
25.2001
25.7176
25.2878
24.8961
24.8076
25.3707
24.8615
25.3240
25.4195
24.6048
24.9393
25.0659
24.8043
25.0703
24.7596
24.6516
24.9509
24.4257
25.3549
24.5900
25.3004
25.5292
25.1029
25.0057
25.1199
24.9822
24.6651
25.1350
24.9036
24.5355
24.2519
24.9817
24.6638
24.9656
24.7615
24.9895
25.1832
24.5296
24.9563
24.4326
24.6995
24.9276
24.5331
24.7758
24.9815
24.8174
25.0650
24.9001
24.7749
25.4162
25.6666
25.1591
25.2062
25.1510
24.8547
25.5568
25.2684
25.2889
25.0021
24.4414
24.3086
24.8833
24.7864
24.8566
24.5874
24.6357
24.8566
24.9285
25.4214
25.3614
25.6974
25.4524
25.1100
24.4846
24.6634
25.0493
24.9920
24.6860
24.8402
24.7567
24.4801
24.8213
25.3675
25.0664
24.9601
24.9908
25.1603
24.9702
24.8558
24.9294
24.8532
24.9230
24.8162
24.7456
24.4007
24.7616
24.9327
24.7087
25.1688
24.8269
24.4632
24.8857
24.8612
25.0749
24.8631
24.6516
24.5826
24.7816
25.0213
25.0059
25.0283
24.5248
24.8983
24.5524
24.5306
24.6738
24.8526
24.7248
24.7016
24.5517
24.7895
24.2501
24.4378
24.4013
24.5914
24.6822
24.8237
24.4843
24.6133
24.5427
24.2743
24.4153
24.6232
24.3933
24.3086
24.3833
24.3473
24.4340
24.3908
24.2155
24.5969
24.6745
24.5378
24.6284
24.2384
24.5231
24.3178
24.3040
24.7070
25.1420
25.0312
25.4736
25.1592
24.9376
24.7903
24.7214
24.8035
25.1903
24.6140
24.9115
24.9643
24.5836
24.6144
25.1155
25.1845
25.4704
24.8576
25.0703
25.1695
25.4848
25.2827
24.8908
24.5849
24.7590
24.9656
24.4719
24.7488
25.1389
24.6277
24.4919
24.3204
24.3902
24.5372
24.8723
24.6679
24.2519
24.5357
24.4062
24.7476
24.4067
24.7672
25.0163
24.5216
24.8435
24.6367
24.8981
24.9150
24.5059
24.7834
24.3916
24.3610
24.5293
24.2213
24.6017
24.5922
24.7833
24.7037
25.0889
24.8015
24.8388
24.4717
24.9740
25.2937
25.3843
24.7283
25.0558
24.9389
24.7062
25.1032
24.8432
24.8523
24.7236
24.5239
24.6599
24.9109
24.4873
25.1482
24.9081
25.0256
25.0812
25.4481
25.0340
24.4429
24.3301
25.0988
24.7704
24.5750
24.7776
25.2460
24.5830
24.6447
25.0024
24.6923
25.0174
24.8606
25.2577
24.9635
24.8760
24.8099
24.5225
24.4580
24.1805
24.6018
24.7001
24.4255
24.3440
24.3812
24.5521
24.3171
24.8904
24.7845
24.7416
24.3178
24.3340
24.0588
24.0129
23.8284
23.7551
23.7872
24.0223
24.2046
24.2403
24.3511
24.2825
24.7799
24.4077
24.4036
24.5744
24.4786
24.3326
24.4157
24.4846
24.6738
24.6747
24.5239
24.1023
24.0400
24.2795
24.2947
24.3740
24.3090
24.8280
24.7511
24.3865
24.5225
24.4386
24.3920
24.2318
23.8871
24.1492
24.2862
24.2871
24.5657
24.4956
24.5067
24.1148
24.3029
24.1158
24.1936
24.1050
24.1500
24.0826
24.1624
24.1712
24.1931
24.3952
24.3765
24.8253
24.4336
24.4397
24.4086
24.2716
24.1804
24.1085
24.1963
24.4448
24.2221
24.1978
24.2838
24.2653
24.1437
24.2707
24.1123
24.1668
24.1443
24.2592
24.2453
23.9471
24.2516
24.2056
23.9062
24.2432
24.0388
24.1308
24.2305
24.0083
23.8011
23.9571
24.1792
24.1602
23.8679
24.0238
23.7588
23.8817
23.9806
24.0137
24.1638
24.1753
24.1234
24.4124
24.3904
23.8972
24.4759
24.5311
24.1241
24.3218
24.1917
24.1149
24.6661
24.4439
24.4068
23.7844
24.0934
24.1515
23.9124
24.2933
24.4056
24.2643
24.0961
24.0005
24.3137
24.2364
24.3390
24.2096
24.2840
24.4015
24.0883
24.6751
24.3823
24.4951
24.1822
24.0853
23.9755
23.8661
24.1926
24.2461
24.2296
24.3233
24.3612
24.3366
24.3271
24.4943
24.2200
24.3458
24.5749
24.5428
24.2010
24.5080
24.6299
24.0421
24.1911
23.9607
24.1747
23.9645
24.1615
24.0594
23.9879
23.6432
24.5009
24.6271
24.7211
24.3596
23.8937
24.1955
24.2315
24.0604
23.9876
23.8418
23.6900
24.0128
24.2059
23.8663
23.7455
23.8098
24.0236
23.8580
23.6579
23.9794
24.3031
24.2606
24.1012
24.0549
23.7113
23.9621
24.1350
23.9236
23.5241
23.7827
23.7970
24.0214
23.9996
23.8349
24.0236
24.3491
24.3646
24.4731
24.1390
24.5383
24.2011
24.2803
24.3161
24.4311
24.9638
24.5242
24.6472
24.2867
24.1060
23.9349
24.0582
24.2052
24.1303
24.6261
24.4446
24.4192
24.4562
24.4385
24.2506
24.0516
24.4514
24.3827
23.7980
24.4072
24.6264
24.7652
24.7017
24.8930
24.5672
24.8951
24.6999
24.3450
24.7023
24.4817
24.5922
24.5241
24.4793
24.5698
24.5389
24.3473
24.6422
24.6758
24.2422
24.1730
24.0566
24.5261
24.2242
23.7856
24.0730
24.1863
24.4190
23.9911
24.0847
23.9110
24.0707
23.7987
24.0712
24.2498
24.3481
23.9766
23.8904
23.9174
24.1787
24.1633
24.4881
24.0465
24.4189
24.3452
24.4394
24.4459
24.4347
24.1729
24.2633
24.1174
24.0591
23.7492
24.0346
24.2587
23.7861
23.9411
24.2544
24.3428
24.2217
24.7269
24.9634
24.0698
24.1633
24.4453
24.3065
24.1211
24.2940
24.1766
24.6048
24.2233
24.3793
24.5034
24.4226
24.6437
24.1971
24.5917
24.3963
24.6147
24.9142
24.6900
24.2752
24.2140
24.4095
23.8797
24.0593
23.7616
23.8360
23.7958
24.1975
23.9049
23.5319
24.1421
24.3051
23.8616
24.0866
23.9384
23.7822
24.3806
24.2334
24.1172
24.1774
24.2318
24.5330
24.4187
24.2357
24.2199
24.3832
24.6414
24.3417
24.7906
24.9095
24.4666
24.2627
24.6729
24.9046
24.6107
24.4230
24.7184
24.2292
24.5071
24.4202
24.4996
24.3789
24.3820
24.2606
24.0120
23.7367
24.5527
24.2064
24.2860
24.0987
23.9406
24.3755
24.3526
24.2234
24.2321
24.2365
24.4741
24.2312
24.7578
24.3686
23.9737
24.3880
24.2425
24.1970
24.3862
24.0406
24.2252
24.2165
24.3881
24.3912
24.3863
24.3465
24.6830
24.5380
24.7553
24.7585
24.6830
24.6086
23.9698
23.9218
24.0912
24.4080
24.0984
23.9524
23.8383
23.9422
24.0093
23.9113
23.9490
24.0853
24.3227
23.9496
24.2800
24.0462
24.1275
24.1437
24.3052
23.8825
24.2645
24.3947
24.2550
23.6462
23.8535
24.2320
24.2451
24.1928
24.1753
24.5206
24.1060
24.0681
24.1736
24.0408
24.1923
24.4453
23.9585
24.2323
24.1683
24.1215
23.9714
24.2993
24.2637
23.9898
23.9929
24.2837
24.7190
24.1801
24.0169
24.2728
23.9906
23.9324
24.0378
24.0089
23.8019
23.5452
24.1474
24.0469
24.0475
24.1508
23.8667
24.3420
24.0139
24.0466
24.2765
23.8568
23.7996
24.0679
24.3204
24.4648
24.3559
24.3055
24.5935
24.3665
24.8238
24.1421
23.8583
23.8010
23.9143
24.6019
24.5983
24.7137
24.2472
23.9905
24.3694
24.2807
24.2632
24.0970
24.2616
24.1841
24.0382
23.9003
24.0876
24.0521
24.0768
24.3411
24.7157
24.4427
24.4325
24.2673
24.0773
24.0680
23.8302
23.9018
23.4769
23.5452
23.6925
23.5359
23.7347
23.8159
23.9114
23.7926
23.9654
23.8336
24.2368
23.9022
23.5955
24.0977
23.7654
23.7668
23.9028
24.0443
23.8764
23.8320
24.2046
24.1435
23.9821
24.1058
23.8804
24.3634
24.3534
24.1901
24.5438
23.9723
24.2318
24.3262
24.3390
24.4905
23.9772
24.2552
24.2941
24.4391
24.3529
24.5314
24.7195
24.5009
24.3186
24.1836
24.1220
24.3460
24.0932
24.4340
24.2773
24.1292
24.3022
24.3453
24.7134
24.1934
24.0812
24.2455
23.7393
24.0505
23.8156
23.8127
23.7287
23.9135
24.2405
24.0662
24.4379
23.8714
23.6606
23.6107
23.8817
23.6295
23.8985
23.5686
23.7009
23.6808
23.7427
23.3295
23.4284
23.7163
23.7883
24.0048
23.6718
24.0150
23.8261
23.5161
23.6375
23.6094
24.0276
24.2559
23.8298
23.8841
24.2558
24.2894
23.8706
23.8498
23.6925
23.6520
23.8940
23.6240
23.8251
23.7994
23.8036
23.6490
23.5595
23.5077
23.6682
24.1103
23.6237
23.6175
23.2786
23.3637
23.4532
23.8923
23.8323
23.8191
23.8324
24.2273
24.0522
23.9269
23.8721
23.6787
23.6034
24.0196
23.7167
23.9195
24.0227
23.2547
23.8366
24.2158
23.5987
23.9831
23.6562
23.8196
23.6440
24.0551
23.5965
23.5218
23.5965
23.8756
23.4901
24.1622
24.0678
23.8913
24.1893
23.9519
23.8312
23.6674
23.9640
23.8212
23.5272
23.8334
23.5643
23.6752
23.8293
23.6225
23.8871
24.0131
24.0445
24.0245
23.7170
23.7477
23.7489
23.7613
24.5307
24.4882
24.6121
24.5478
24.6095
24.6136
24.3162
24.3834
24.5080
24.6687
24.8503
24.5488
24.5486
24.4930
24.3002
23.9857
24.2809
24.3008
24.2197
24.0481
24.1210
24.2662
24.2177
24.0736
23.9128
24.2358
24.3227
24.3670
24.4496
24.0007
24.2617
24.1342
23.8638
23.9964
23.9675
23.8542
23.9776
23.8682
23.7890
24.1280
23.8578
23.5902
23.7531
23.9526
24.0379
23.8329
23.5096
23.5611
23.5813
23.8415
23.6295
23.5459
23.8472
23.8116
23.5905
23.8272
24.0825
24.2386
24.1552
24.0196
24.0110
23.9764
23.9635
23.9710
23.7882
23.8959
23.8006
23.5752
23.9868
24.0073
24.1617
24.3900
23.8386
24.1705
23.9407
24.3481
24.5757
24.1231
24.1177
23.9799
23.8972
23.8368
23.7705
23.9216
23.8284
23.7508
24.0641
24.0899
23.6366
24.2504
24.4710
24.4248
24.0798
24.0240
24.0478
24.3421
23.9477
24.0161
24.0102
24.1107
23.9779
23.8045
24.0230
23.9148
24.1809
23.9579
23.7902
24.0603
24.3131
24.0613
24.2892
23.8810
23.6514
23.8211
23.9251
24.0508
23.9143
23.7247
23.6416
23.5678
23.5404
23.8175
23.5328
23.7926
23.7086
23.7659
23.4961
23.7016
23.7349
24.0932
23.9579
23.8778
24.0068
23.8368
23.5637
23.5475
23.6612
23.1702
23.7391
23.7829
23.7608
24.0511
23.7029
23.7573
24.1716
23.8614
23.8843
23.7816
23.5974
23.8876
23.9603
24.0361
23.6992
24.0330
23.9464
23.7553
23.9765
23.8303
24.0144
23.8716
23.6300
23.7457
23.8090
23.8928
23.7664
23.3037
23.6950
23.9562
23.6326
23.8162
23.8380
23.8481
23.7893
23.6599
23.9857
24.0273
23.8984
24.1860
23.7504
23.8194
23.4564
23.3285
23.2497
23.4277
23.6257
23.6705
23.8306
23.9321
23.7535
23.5552
23.8533
23.6786
24.0754
23.7708
24.0133
23.7132
23.6856
23.8398
23.6497
23.6456
23.5405
23.6216
23.6490
23.5842
23.7783
23.7724
23.6749
23.6782
23.4984
23.6302
23.6691
23.7764
23.6143
23.6269
23.7198
23.5422
24.1203
23.4995
23.3838
23.8646
23.9994
23.5530
23.6178
23.4724
23.4921
23.7350
23.7735
23.5793
23.5127
23.8403
23.6288
23.7912
23.9364
24.1435
23.8138
23.5374
23.9293
23.6609
23.5723
23.6024
23.4375
23.5153
23.6981
23.7350
23.7343
24.0172
23.9615
23.7803
23.7164
23.8783
23.8499
23.7688
23.9721
23.9051
23.7261
23.9238
23.9248
23.7015
23.8419
23.6729
23.6622
24.0520
23.4671
23.4572
23.5697
23.5551
23.3859
23.5756
23.4539
23.6673
23.6421
23.7592
23.9364
23.8217
23.8945
23.9029
23.9715
23.6362
23.8331
23.7749
23.7702
24.0322
23.9516
23.7091
23.8522
23.8900
23.7623
23.8161
23.8840
23.8470
23.8003
23.6934
23.8171
23.8218
23.7155
23.7202
23.6379
23.7472
23.6951
23.6562
23.8093
23.5803
23.7317
23.9032
23.8378
23.9295
23.7529
23.7625
24.0328
23.6630
23.9485
24.2511
23.8454
24.2304
24.1590
24.0766
24.0106
24.0384
24.0142
24.2108
24.1408
23.8424
23.8572
23.6833
23.9265
23.9758
23.7756
23.7423
23.7988
23.8215
23.6281
23.9946
24.0736
23.8404
23.7916
23.7399
23.7543
23.9844
23.9460
24.1224
23.6532
23.9850
23.6415
23.6856
23.7766
23.6425
24.1175
23.8309
23.7694
23.5662
23.8063
23.6810
23.6900
24.0774
24.0302
23.8725
23.9720
24.0074
23.7404
23.8301
23.7134
24.0838
23.9209
23.8468
23.9776
23.7799
23.9290
23.5887
23.7653
23.6287
23.7171
23.5709
23.8239
23.8723
23.7826
23.6705
23.4800
23.3337
23.7252
23.9774
23.9765
23.9957
23.7417
24.0335
23.9359
23.3635
23.4967
23.6646
23.6409
24.0847
23.8698
23.8988
23.9369
23.9700
23.9176
23.5727
23.9736
23.9034
23.7002
23.6773
23.9228
23.6632
23.6131
23.8011
23.6472
23.8510
23.8469
23.9736
24.0226
23.9937
24.2977
23.9969
23.9612
23.7544
24.0310
23.6105
23.6045
23.8752
23.9181
23.6460
23.5612
23.5398
23.5688
23.5812
23.6449
23.6900
24.0479
23.6026
23.8249
23.9209
24.0536
23.7680
24.1542
23.9103
23.7661
23.5977
23.8274
23.8155
23.6694
23.9331
23.7464
23.8205
24.0922
23.8822
24.1047
24.1782
24.1152
24.0715
24.0105
23.9440
24.1336
23.9392
23.7031
23.5405
23.7906
23.7452
23.9421
23.5812
23.8155
23.7675
23.7867
23.9055
23.9405
23.7424
23.8701
23.7690
23.8561
23.7927
24.2958
23.8324
23.8417
24.0902
24.0230
23.9050
24.3125
23.7510
24.2733
23.9588
24.0049
24.0973
24.2046
23.9731
23.7491
24.1688
24.2150
24.5365
24.3305
24.1098
23.8268
24.3508
24.0031
24.0969
23.9694
24.1215
23.9862
23.9077
24.0378
23.9120
23.8563
23.5792
23.9098
23.7848
23.7119
23.8363
23.6884
24.0136
23.8970
23.6795
23.7813
24.1421
23.9878
23.7565
23.7432
23.7686
23.8099
23.6060
23.6570
23.8803
23.5404
23.2964
23.5389
23.5183
23.5748
23.6856
23.9431
23.4662
23.7593
23.9541
24.0914
24.0814
24.0891
24.2567
24.1941
24.0128
23.6698
23.6033
23.7606
23.5816
23.8801
24.0658
24.3915
23.6925
23.9900
24.1708
23.5553
23.7774
23.7472
23.7610
24.1690
23.8635
24.1763
23.9462
23.7926
23.7677
23.8840
23.5861
23.8886
24.1527
24.0479
24.1694
23.8521
23.6924
23.8860
24.3234
24.1172
23.6401
23.5672
23.6320
23.5663
23.7594
23.5964
23.5340
23.4852
23.8445
23.7927
24.0541
23.5752
23.6945
23.3226
23.4119
23.2651
23.2706
23.9094
23.8184
23.2925
23.7199
23.4840
23.4607
23.5576
23.3646
23.3960
23.5474
23.4468
23.6704
23.3496
23.5225
23.5136
23.5943
23.8799
23.9002
23.8158
23.4197
23.6395
23.6004
23.5866
23.7348
23.4559
23.8435
23.3456
23.1261
23.3499
23.5030
23.5389
23.4139
23.5796
23.6222
23.5594
23.7420
23.9816
23.7326
23.8047
23.5491
23.8931
23.9035
23.8973
23.9328
23.7804
24.0718
24.0322
23.9895
23.9772
23.7405
23.8167
23.7146
23.7317
23.9690
23.8822
23.5245
23.5305
23.8744
24.3174
24.3173
23.8224
24.1514
24.1242
23.9304
24.0088
24.0938
24.1202
23.7156
23.8280
23.8505
23.8013
23.5487
23.8852
23.7727
23.7416
24.0184
23.7845
23.3613
23.4790
23.8360
23.7019
23.6078
23.9418
23.9963
23.6590
23.6962
23.9147
23.7256
23.8812
24.1268
24.1862
23.8375
23.9640
24.1354
24.2681
24.0494
24.1835
24.3989
24.2912
24.3252
24.4043
24.3737
23.9274
24.0330
23.8532
23.8888
23.8743
23.7584
23.9657
23.9461
23.8033
23.8814
23.8898
23.6297
23.4716
23.7266
23.6506
23.4890
23.4522
23.7213
24.2303
23.9427
23.9615
23.8574
24.0723
23.8134
23.4813
23.8588
23.7395
23.8452
23.6652
24.0256
24.0340
23.6039
23.5434
23.8199
24.0765
24.1553
23.8992
23.6962
23.7825
23.6177
23.9571
23.9441
24.0417
23.9065
24.1299
24.0375
23.7072
24.0306
24.1446
24.0441
24.0841
24.1412
24.4071
24.4493
24.0363
23.9854
24.0676
24.4234
24.3437
24.3955
24.0202
23.7573
23.3107
23.4542
23.8433
23.7218
23.8186
23.2844
23.7093
23.7071
23.6402
23.7945
23.9073
23.5841
23.8389
23.5645
23.2487
23.5634
23.5178
24.0645
23.8825
23.8893
23.8925
24.0696
24.0543
23.6572
23.5267
23.2979
23.3824
23.7797
23.4565
23.4316
23.7658
23.3220
23.3920
23.6594
23.7057
23.4669
23.5515
23.3962
23.4155
23.3841
23.4867
23.6129
23.7292
23.8373
23.6805
23.7296
23.6796
23.5583
23.7556
23.7150
23.8530
23.7772
24.0647
23.4429
23.6666
23.9294
23.8584
24.1881
23.7019
23.2417
23.3538
23.5673
24.2540
23.8085
23.8924
24.2890
24.3057
24.2550
24.1661
24.3470
24.3518
24.3721
24.2374
23.7941
24.0371
24.4750
24.4976
24.2849
23.9511
24.3719
24.4636
24.4677
24.1653
24.4466
24.2325
24.2546
23.7150
23.9144
23.6097
24.0459
23.9391
24.0101
23.7300
23.7997
23.8987
23.7385
23.8364
23.5559
23.6411
23.4111
23.8460
23.8208
24.0920
23.6221
23.5871
23.5465
23.7496
23.5567
23.9734
23.8977
23.4417
23.9765
23.7909
23.9325
23.8762
24.0841
23.7619
23.6043
23.7698
23.4850
23.8260
23.6199
23.8445
23.6303
23.6190
24.2816
24.5431
24.0191
23.6095
23.3879
23.5858
23.5995
23.5291
23.6234
23.7306
23.6559
23.9024
23.8945
24.3143
24.2976
23.6322
23.5608
23.8489
23.5445
23.7939
23.9673
23.6696
24.4084
23.7671
23.8711
24.1997
24.4035
24.1435
24.3011
23.9914
24.0194
24.4258
23.9640
24.4259
24.1887
24.5964
24.0649
23.9497
24.2891
24.2285
24.1762
24.5465
23.8421
24.1810
24.1581
24.2889
24.0905
24.1707
23.7363
23.6265
23.6447
23.9038
23.6121
23.8328
23.6145
24.1913
24.1135
23.6138
24.0991
23.4042
23.6880
23.9309
23.8037
23.4833
23.9580
23.9919
23.7212
23.8012
23.7107
23.5838
23.9219
23.7676
23.4565
23.4508
23.6593
23.9154
23.9139
23.6650
23.7834
23.5323
23.6033
23.8515
23.5891
23.7708
23.8677
24.2187
23.9035
23.4630
23.7739
23.6569
23.6727
23.5716
23.8202
23.8318
23.8467
24.0838
23.7188
23.6634
23.6064
23.5428
23.6946
23.6883
23.9871
23.9087
23.7016
23.5933
23.2938
23.5480
23.8282
23.6221
23.5772
23.6697
23.8970
23.9180
23.7752
23.5999
23.7364
23.9464
23.9888
23.8578
23.7092
23.7402
23.7805
23.6483
23.7839
23.7507
24.0061
24.3139
24.2265
24.0023
24.2071
24.2627
23.7114
23.9152
23.8747
24.0692
23.7795
24.1987
24.4226
24.1967
24.1780
23.9148
24.0782
23.6569
24.0801
24.3915
24.1001
24.3396
24.7253
24.7969
24.7390
24.0998
23.9581
24.5499
24.2715
24.0548
23.6741
23.4904
23.8916
23.4830
23.4921
23.2926
23.8237
23.6735
23.9949
23.7992
24.0262
24.1925
23.7634
23.7385
23.6928
23.9406
23.4688
23.5811
23.7787
23.5105
23.5105
23.8298
23.8341
23.6771
23.5015
23.6048
23.4879
23.6992
23.6257
23.5422
23.5892
23.7898
23.6302
23.7788
23.6615
23.5858
