6.9059 0.0000 4.1159
10.5528 0.0000 6.2895
10.0990 0.0000 6.0190
17.6095 0.0000 10.4952
10.3233 0.0000 6.1527
8.5812 0.0000 5.1144
15.9209 0.0000 9.4889
6.5156 0.0000 3.8833
3.0213 0.0000 1.8007
14.6284 0.0000 8.7186
3.7896 0.0000 2.2586
10.2878 0.0000 6.1315
6.9293 0.0000 4.1299
14.6899 0.0000 8.7552
14.5850 0.0000 8.6926
8.4645 0.0000 5.0448
16.2490 0.0000 9.6844
10.5019 0.0000 6.2591
10.8779 0.0000 6.4832
20.0960 0.0000 11.9772
7.7978 0.0000 4.6475
4.5453 0.0000 2.7090
9.1322 0.0000 5.4428
9.3956 0.0000 5.5998
10.7193 0.0000 6.3887
4.9650 0.0000 2.9591
13.2124 0.0000 7.8746
14.1641 0.0000 8.4418
5.0817 0.0000 3.0287
6.2108 0.0000 3.7016
10.7310 0.0000 6.3957
7.1594 0.0000 4.2670
14.7986 0.0000 8.8200
5.9547 0.0000 3.5490
3.9568 0.0000 2.3582
7.4646 0.0000 4.4489
12.6242 0.0000 7.5240
9.7897 0.0000 5.8347
12.2804 0.0000 7.3191
13.1706 0.0000 7.8497
6.2609 0.0000 3.7315
12.6013 0.0000 7.5103
14.7965 0.0000 8.8187
7.5327 0.0000 4.4895
6.7169 0.0000 4.0033
11.7060 0.0000 6.9768
13.6917 0.0000 8.1603
13.0577 0.0000 7.7824
7.8052 0.0000 4.6519
10.5366 0.0000 6.2798
8.3599 0.0000 4.9825
7.1222 0.0000 4.2448
8.0321 0.0000 4.7871
6.7994 0.0000 4.0524
2.7394 0.0000 1.6327
6.3837 0.0000 3.8047
10.6213 0.0000 6.3303
5.6293 0.0000 3.3550
10.8436 0.0000 6.4628
16.3246 0.0000 9.7295
13.9533 0.0000 8.3162
18.7045 0.0000 11.1479
6.0381 0.0000 3.5987
10.4326 0.0000 6.2178
9.6003 0.0000 5.7218
19.8765 0.0000 11.8464
7.0405 0.0000 4.1962
9.9316 0.0000 5.9192
5.9037 0.0000 3.5186
10.1188 0.0000 6.0308
16.0120 0.0000 9.5431
6.5732 0.0000 3.9176
3.8289 0.0000 2.2820
12.0281 0.0000 7.1687
9.1326 0.0000 5.4431
8.6389 0.0000 5.1488
9.1413 0.0000 5.4482
12.6784 0.0000 7.5563
5.0342 0.0000 3.0004
5.8706 0.0000 3.4989
9.0841 0.0000 5.4141
14.8701 0.0000 8.8626
19.3923 0.0000 11.5578
13.9301 0.0000 8.3023
12.8209 0.0000 7.6413
7.1967 0.0000 4.2892
12.1595 0.0000 7.2470
17.1317 0.0000 10.2105
15.4707 0.0000 9.2205
7.7029 0.0000 4.5909
10.9705 0.0000 6.5384
11.8560 0.0000 7.0662
16.9848 0.0000 10.1230
4.9954 0.0000 2.9773
7.7064 0.0000 4.5930
4.8750 0.0000 2.9055
7.4939 0.0000 4.4664
9.9128 0.0000 5.9080
8.3151 0.0000 4.9558
8.9111 0.0000 5.3110
15.1611 0.0000 9.0360
12.6378 0.0000 7.5322
11.6775 0.0000 6.9598
7.8790 0.0000 4.6959
5.5460 0.0000 3.3054
16.5155 0.0000 9.8433
10.8307 0.0000 6.4551
8.3337 0.0000 4.9669
11.5437 0.0000 6.8800
7.1464 0.0000 4.2592
8.1578 0.0000 4.8620
5.3364 0.0000 3.1805
7.6151 0.0000 4.5386
9.3082 0.0000 5.5477
4.4801 0.0000 2.6702
10.2526 0.0000 6.1105
10.4018 0.0000 6.1995
9.3797 0.0000 5.5903
8.0015 0.0000 4.7689
8.0163 0.0000 4.7777
10.5825 0.0000 6.3072
10.4916 0.0000 6.2530
8.9005 0.0000 5.3047
12.9002 0.0000 7.6885
8.9183 0.0000 5.3153
8.2987 0.0000 4.9460
13.1207 0.0000 7.8199
7.7927 0.0000 4.6444
8.7254 0.0000 5.2003
11.3753 0.0000 6.7797
11.4844 0.0000 6.8447
7.2578 0.0000 4.3257
11.8246 0.0000 7.0475
10.1607 0.0000 6.0558
7.9699 0.0000 4.7501
21.1068 0.0000 12.5797
8.4631 0.0000 5.0440
9.3233 0.0000 5.5567
7.8535 0.0000 4.6807
7.6456 0.0000 4.5568
10.1724 0.0000 6.0627
10.7644 0.0000 6.4156
10.5719 0.0000 6.3009
7.8652 0.0000 4.6876
6.6854 0.0000 3.9845
4.9193 0.0000 2.9319
19.0147 0.0000 11.3328
5.9548 0.0000 3.5491
5.2884 0.0000 3.1519
15.0394 0.0000 8.9635
10.2719 0.0000 6.1221
18.5480 0.0000 11.0546
10.1726 0.0000 6.0628
10.4055 0.0000 6.2017
14.7296 0.0000 8.7788
13.2628 0.0000 7.9046
6.6398 0.0000 3.9573
16.8322 0.0000 10.0320
13.0267 0.0000 7.7639
2.9945 0.0000 1.7847
7.9170 0.0000 4.7185
4.5222 0.0000 2.6952
8.9614 0.0000 5.3410
10.2108 0.0000 6.0856
4.9905 0.0000 2.9743
8.0414 0.0000 4.7927
6.0188 0.0000 3.5872
4.4871 0.0000 2.6743
16.1180 0.0000 9.6063
14.0049 0.0000 8.3469
8.7067 0.0000 5.1892
13.4776 0.0000 8.0326
4.7540 0.0000 2.8334
16.6963 0.0000 9.9510
6.4905 0.0000 3.8683
17.7911 0.0000 10.6035
8.7217 0.0000 5.1981
12.7639 0.0000 7.6073
18.1523 0.0000 10.8188
14.1227 0.0000 8.4171
11.0017 0.0000 6.5570
12.5125 0.0000 7.4575
2.4522 0.0000 1.4615
2.6507 0.0000 1.5798
5.1859 0.0000 3.0908
3.6634 0.0000 2.1834
6.2166 0.0000 3.7051
7.2764 0.0000 4.3368
9.1145 0.0000 5.4322
11.2677 0.0000 6.7156
7.6284 0.0000 4.5465
16.3845 0.0000 9.7652
12.2181 0.0000 7.2820
3.4921 0.0000 2.0813
9.6452 0.0000 5.7485
9.0600 0.0000 5.3997
18.9059 0.0000 11.2679
11.3818 0.0000 6.7836
7.1049 0.0000 4.2345
12.7127 0.0000 7.5768
14.1911 0.0000 8.4579
7.9468 0.0000 4.7363
9.3814 0.0000 5.5913
15.9977 0.0000 9.5346
8.3020 0.0000 4.9480
15.6827 0.0000 9.3469
8.0911 0.0000 4.8223
9.3297 0.0000 5.5605
14.7478 0.0000 8.7897
9.1153 0.0000 5.4327
16.1609 0.0000 9.6319
9.4467 0.0000 5.6302
13.2099 0.0000 7.8731
10.2353 0.0000 6.1002
6.7245 0.0000 4.0078
9.7807 0.0000 5.8293
31.5630 0.0000 18.8115
13.6718 0.0000 8.1484
7.8070 0.0000 4.6530
11.0393 0.0000 6.5794
10.0357 0.0000 5.9813
10.1663 0.0000 6.0591
9.0301 0.0000 5.3819
9.0430 0.0000 5.3896
8.3850 0.0000 4.9975
8.0574 0.0000 4.8022
14.8622 0.0000 8.8579
11.8168 0.0000 7.0428
13.2266 0.0000 7.8831
8.8233 0.0000 5.2587
6.0370 0.0000 3.5981
24.8031 0.0000 14.7827
11.1903 0.0000 6.6694
9.6344 0.0000 5.7421
13.8268 0.0000 8.2408
12.7028 0.0000 7.5709
8.9707 0.0000 5.3466
11.9485 0.0000 7.1213
11.1787 0.0000 6.6625
9.2296 0.0000 5.5008
5.3746 0.0000 3.2033
9.6810 0.0000 5.7699
10.8259 0.0000 6.4522
11.9067 0.0000 7.0964
6.7269 0.0000 4.0092
16.3113 0.0000 9.7215
18.7175 0.0000 11.1556
7.4346 0.0000 4.4310
3.6881 0.0000 2.1981
3.8913 0.0000 2.3192
20.0239 0.0000 11.9343
8.6178 0.0000 5.1362
8.0281 0.0000 4.7847
13.3490 0.0000 7.9560
5.4431 0.0000 3.2441
11.4281 0.0000 6.8111
8.9325 0.0000 5.3238
17.5148 0.0000 10.4388
5.4658 0.0000 3.2576
15.0415 0.0000 8.9647
9.1813 0.0000 5.4721
7.3089 0.0000 4.3561
7.7791 0.0000 4.6363
9.6140 0.0000 5.7300
9.2973 0.0000 5.5412
12.6597 0.0000 7.5452
4.3886 0.0000 2.6156
10.5050 0.0000 6.2610
13.0107 0.0000 7.7544
5.1452 0.0000 3.0665
7.1040 0.0000 4.2340
9.3184 0.0000 5.5538
13.1893 0.0000 7.8608
10.9063 0.0000 6.5001
14.1910 0.0000 8.4579
4.1925 0.0000 2.4987
7.3981 0.0000 4.4092
9.1927 0.0000 5.4788
12.3581 0.0000 7.3654
13.4643 0.0000 8.0247
8.9353 0.0000 5.3255
6.0400 0.0000 3.5998
5.0532 0.0000 3.0117
9.2860 0.0000 5.5344
3.7640 0.0000 2.2433
9.6894 0.0000 5.7749
13.4753 0.0000 8.0313
5.5608 0.0000 3.3143
7.4135 0.0000 4.4184
9.5743 0.0000 5.7063
6.5155 0.0000 3.8832
7.3076 0.0000 4.3553
8.3105 0.0000 4.9530
11.5654 0.0000 6.8930
14.5723 0.0000 8.6851
16.4174 0.0000 9.7848
12.7434 0.0000 7.5951
12.4012 0.0000 7.3911
11.1542 0.0000 6.6479
18.2878 0.0000 10.8995
16.2279 0.0000 9.6718
15.3292 0.0000 9.1362
15.2740 0.0000 9.1033
7.2566 0.0000 4.3249
12.1909 0.0000 7.2658
19.5253 0.0000 11.6371
15.1922 0.0000 9.0545
16.5411 0.0000 9.8585
10.1806 0.0000 6.0676
15.6432 0.0000 9.3234
13.0218 0.0000 7.7610
10.2507 0.0000 6.1094
19.1928 0.0000 11.4389
21.7980 0.0000 12.9916
16.0733 0.0000 9.5797
6.4903 0.0000 3.8682
15.2089 0.0000 9.0645
13.1337 0.0000 7.8277
8.8365 0.0000 5.2666
12.3103 0.0000 7.3369
12.9526 0.0000 7.7198
7.4894 0.0000 4.4637
9.0426 0.0000 5.3894
12.7111 0.0000 7.5758
16.2948 0.0000 9.7117
11.5912 0.0000 6.9084
7.8310 0.0000 4.6673
9.0997 0.0000 5.4234
5.9006 0.0000 3.5167
13.5637 0.0000 8.0840
17.4502 0.0000 10.4003
10.7912 0.0000 6.4315
11.9249 0.0000 7.1072
9.5902 0.0000 5.7158
11.6755 0.0000 6.9586
6.0200 0.0000 3.5879
12.4302 0.0000 7.4084
17.2066 0.0000 10.2551
10.7825 0.0000 6.4264
12.2066 0.0000 7.2751
13.6910 0.0000 8.1599
5.5158 0.0000 3.2874
22.3233 0.0000 13.3047
5.6524 0.0000 3.3688
7.8524 0.0000 4.6800
12.8638 0.0000 7.6668
14.6960 0.0000 8.7588
8.4946 0.0000 5.0628
9.3924 0.0000 5.5979
15.3918 0.0000 9.1735
13.7643 0.0000 8.2035
11.9019 0.0000 7.0935
14.6670 0.0000 8.7415
13.3763 0.0000 7.9723
10.1783 0.0000 6.0663
5.4058 0.0000 3.2218
16.3429 0.0000 9.7404
7.9386 0.0000 4.7314
17.3505 0.0000 10.3409
10.8114 0.0000 6.4436
13.5546 0.0000 8.0785
10.2922 0.0000 6.1342
10.8254 0.0000 6.4520
8.2066 0.0000 4.8911
12.5982 0.0000 7.5085
5.3065 0.0000 3.1627
5.6871 0.0000 3.3895
4.9523 0.0000 2.9516
12.5815 0.0000 7.4986
3.4427 0.0000 2.0518
10.6350 0.0000 6.3385
10.8061 0.0000 6.4404
7.4635 0.0000 4.4482
7.9581 0.0000 4.7430
18.6144 0.0000 11.0942
9.9274 0.0000 5.9168
15.9848 0.0000 9.5269
18.2062 0.0000 10.8509
8.8807 0.0000 5.2929
4.3841 0.0000 2.6129
10.1608 0.0000 6.0559
7.0554 0.0000 4.2050
15.8537 0.0000 9.4488
11.9664 0.0000 7.1320
11.0385 0.0000 6.5790
11.2922 0.0000 6.7302
10.6201 0.0000 6.3296
12.3050 0.0000 7.3338
9.9311 0.0000 5.9190
15.0308 0.0000 8.9584
10.0096 0.0000 5.9657
12.1957 0.0000 7.2686
7.9846 0.0000 4.7588
5.4931 0.0000 3.2739
8.1003 0.0000 4.8278
11.1381 0.0000 6.6383
7.9336 0.0000 4.7284
9.2846 0.0000 5.5336
11.4962 0.0000 6.8517
12.6205 0.0000 7.5218
10.1350 0.0000 6.0405
16.0912 0.0000 9.5903
5.4849 0.0000 3.2690
14.0141 0.0000 8.3524
16.9911 0.0000 10.1267
8.2669 0.0000 4.9271
9.9539 0.0000 5.9325
20.1416 0.0000 12.0044
9.6999 0.0000 5.7812
6.3700 0.0000 3.7965
8.6835 0.0000 5.1754
10.8784 0.0000 6.4835
9.3424 0.0000 5.5681
10.2209 0.0000 6.0917
8.9565 0.0000 5.3381
6.6691 0.0000 3.9748
13.0400 0.0000 7.7718
15.6639 0.0000 9.3357
10.5441 0.0000 6.2843
7.7049 0.0000 4.5921
13.6245 0.0000 8.1202
13.3307 0.0000 7.9451
11.6433 0.0000 6.9394
8.3866 0.0000 4.9984
21.2325 0.0000 12.6546
5.8504 0.0000 3.4868
13.8472 0.0000 8.2529
2.7856 0.0000 1.6602
7.7683 0.0000 4.6299
12.5946 0.0000 7.5064
17.5582 0.0000 10.4647
5.9187 0.0000 3.5276
9.4166 0.0000 5.6123
8.6486 0.0000 5.1545
7.4073 0.0000 4.4148
6.8795 0.0000 4.1002
4.7343 0.0000 2.8216
13.0406 0.0000 7.7722
4.9268 0.0000 2.9364
11.3722 0.0000 6.7778
5.0377 0.0000 3.0025
6.8024 0.0000 4.0542
11.8965 0.0000 7.0903
10.9122 0.0000 6.5037
8.2811 0.0000 4.9355
14.3867 0.0000 8.5745
12.3430 0.0000 7.3564
8.4889 0.0000 5.0594
20.3790 0.0000 12.1459
14.7065 0.0000 8.7651
13.0921 0.0000 7.8029
9.1461 0.0000 5.4511
4.9199 0.0000 2.9322
11.6996 0.0000 6.9730
15.2565 0.0000 9.0929
6.2494 0.0000 3.7246
12.1676 0.0000 7.2519
13.8818 0.0000 8.2735
16.8388 0.0000 10.0359
4.4959 0.0000 2.6795
20.5030 0.0000 12.2198
6.4130 0.0000 3.8221
19.8056 0.0000 11.8041
12.6420 0.0000 7.5346
10.9986 0.0000 6.5552
14.0906 0.0000 8.3980
7.0318 0.0000 4.1910
11.8053 0.0000 7.0360
6.1429 0.0000 3.6612
6.4467 0.0000 3.8422
13.0531 0.0000 7.7796
7.1546 0.0000 4.2642
7.9910 0.0000 4.7626
7.1515 0.0000 4.2623
12.1365 0.0000 7.2334
5.8404 0.0000 3.4809
17.8234 0.0000 10.6228
6.3056 0.0000 3.7581
8.0218 0.0000 4.7810
12.5770 0.0000 7.4959
5.8894 0.0000 3.5101
11.5472 0.0000 6.8821
10.9877 0.0000 6.5487
18.5606 0.0000 11.0621
12.9806 0.0000 7.7364
9.0783 0.0000 5.4107
7.3167 0.0000 4.3608
6.1452 0.0000 3.6625
6.5744 0.0000 3.9184
14.5976 0.0000 8.7002
6.1851 0.0000 3.6863
11.6819 0.0000 6.9624
15.6256 0.0000 9.3128
9.5297 0.0000 5.6797
6.0955 0.0000 3.6329
9.3005 0.0000 5.5431
15.2976 0.0000 9.1174
9.7308 0.0000 5.7996
11.6382 0.0000 6.9364
7.1586 0.0000 4.2665
12.4184 0.0000 7.4014
9.0184 0.0000 5.3750
8.4394 0.0000 5.0299
11.2454 0.0000 6.7022
3.3896 0.0000 2.0202
10.9217 0.0000 6.5093
4.5806 0.0000 2.7301
6.3450 0.0000 3.7816
13.7836 0.0000 8.2150
13.4936 0.0000 8.0422
8.7379 0.0000 5.2078
4.8368 0.0000 2.8827
9.2294 0.0000 5.5007
4.2515 0.0000 2.5339
5.6434 0.0000 3.3635
12.3542 0.0000 7.3631
7.4428 0.0000 4.4359
6.3614 0.0000 3.7914
6.4750 0.0000 3.8591
14.3405 0.0000 8.5470
7.6009 0.0000 4.5301
9.2904 0.0000 5.5371
13.7804 0.0000 8.2131
9.2222 0.0000 5.4964
8.1547 0.0000 4.8602
3.3813 0.0000 2.0153
20.5016 0.0000 12.2190
8.4279 0.0000 5.0231
5.4309 0.0000 3.2368
15.0328 0.0000 8.9595
9.6268 0.0000 5.7376
9.2834 0.0000 5.5329
13.6986 0.0000 8.1644
12.6757 0.0000 7.5547
5.9514 0.0000 3.5470
7.3356 0.0000 4.3720
6.9835 0.0000 4.1621
6.2396 0.0000 3.7188
5.3898 0.0000 3.2123
8.0060 0.0000 4.7716
10.1010 0.0000 6.0202
7.2958 0.0000 4.3483
5.1006 0.0000 3.0399
6.9127 0.0000 4.1200
10.7434 0.0000 6.4031
13.5079 0.0000 8.0507
12.0868 0.0000 7.2037
19.5565 0.0000 11.6557
10.3934 0.0000 6.1945
14.1384 0.0000 8.4265
8.5916 0.0000 5.1206
9.0165 0.0000 5.3738
9.1867 0.0000 5.4753
15.6677 0.0000 9.3380
17.2305 0.0000 10.2694
8.9131 0.0000 5.3122
7.9132 0.0000 4.7163
12.5452 0.0000 7.4769
9.1171 0.0000 5.4338
9.7363 0.0000 5.8028
15.7606 0.0000 9.3933
10.3950 0.0000 6.1954
9.1166 0.0000 5.4335
10.8942 0.0000 6.4929
6.1667 0.0000 3.6753
5.5436 0.0000 3.3040
13.1998 0.0000 7.8671
13.0926 0.0000 7.8032
7.0607 0.0000 4.2082
10.7498 0.0000 6.4069
6.9914 0.0000 4.1669
6.1860 0.0000 3.6868
22.7714 0.0000 13.5718
10.1790 0.0000 6.0667
8.1458 0.0000 4.8549
12.4689 0.0000 7.4315
8.9134 0.0000 5.3124
3.6558 0.0000 2.1789
8.5020 0.0000 5.0672
14.9048 0.0000 8.8833
13.3507 0.0000 7.9570
5.3945 0.0000 3.2151
11.4840 0.0000 6.8445
8.8509 0.0000 5.2751
15.6003 0.0000 9.2978
9.7164 0.0000 5.7910
9.4423 0.0000 5.6276
8.0011 0.0000 4.7686
12.0748 0.0000 7.1966
4.5874 0.0000 2.7341
12.1573 0.0000 7.2458
5.6275 0.0000 3.3540
11.0032 0.0000 6.5579
16.3561 0.0000 9.7483
5.0786 0.0000 3.0268
9.7506 0.0000 5.8114
7.0910 0.0000 4.2262
8.4487 0.0000 5.0354
12.5439 0.0000 7.4762
4.4068 0.0000 2.6265
6.3992 0.0000 3.8139
10.0309 0.0000 5.9784
7.2025 0.0000 4.2927
10.9310 0.0000 6.5149
9.7063 0.0000 5.7849
10.1769 0.0000 6.0654
3.6437 0.0000 2.1716
7.4815 0.0000 4.4590
11.5260 0.0000 6.8695
9.3067 0.0000 5.5468
18.1933 0.0000 10.8432
3.3252 0.0000 1.9818
8.0369 0.0000 4.7900
3.6858 0.0000 2.1967
7.8277 0.0000 4.6653
3.3962 0.0000 2.0241
7.5424 0.0000 4.4953
9.7152 0.0000 5.7903
7.9943 0.0000 4.7646
12.9432 0.0000 7.7141
10.9568 0.0000 6.5302
10.4899 0.0000 6.2520
7.2813 0.0000 4.3397
8.5146 0.0000 5.0747
14.0595 0.0000 8.3795
27.2880 0.0000 16.2637
13.3489 0.0000 7.9560
13.2988 0.0000 7.9261
12.2024 0.0000 7.2727
5.4964 0.0000 3.2759
8.5985 0.0000 5.1247
11.0375 0.0000 6.5783
9.0493 0.0000 5.3934
9.8739 0.0000 5.8848
17.6311 0.0000 10.5082
6.3735 0.0000 3.7986
9.0717 0.0000 5.4067
9.3519 0.0000 5.5737
5.9166 0.0000 3.5263
10.0632 0.0000 5.9977
9.2113 0.0000 5.4900
9.9084 0.0000 5.9054
11.7205 0.0000 6.9854
8.4763 0.0000 5.0519
11.9905 0.0000 7.1463
6.1867 0.0000 3.6872
9.2941 0.0000 5.5393
6.5365 0.0000 3.8957
7.1751 0.0000 4.2764
16.4124 0.0000 9.7818
18.5484 0.0000 11.0549
9.9839 0.0000 5.9504
6.6541 0.0000 3.9658
2.7177 0.0000 1.6198
8.2803 0.0000 4.9351
2.5814 0.0000 1.5385
12.0225 0.0000 7.1654
11.7685 0.0000 7.0140
6.5319 0.0000 3.8930
11.2338 0.0000 6.6953
3.7613 0.0000 2.2417
11.5139 0.0000 6.8623
9.1104 0.0000 5.4298
3.8240 0.0000 2.2791
17.8787 0.0000 10.6557
8.3433 0.0000 4.9726
7.9581 0.0000 4.7430
13.7360 0.0000 8.1867
5.3042 0.0000 3.1613
7.5740 0.0000 4.5141
15.6893 0.0000 9.3508
13.2658 0.0000 7.9064
6.7144 0.0000 4.0018
19.6074 0.0000 11.6860
14.6745 0.0000 8.7460
6.1635 0.0000 3.6735
4.4841 0.0000 2.6725
16.1594 0.0000 9.6310
16.7716 0.0000 9.9958
10.3153 0.0000 6.1479
11.9551 0.0000 7.1252
12.9887 0.0000 7.7412
5.5225 0.0000 3.2914
16.0408 0.0000 9.5603
7.1471 0.0000 4.2597
9.9195 0.0000 5.9120
15.1810 0.0000 9.0479
17.5413 0.0000 10.4546
10.3864 0.0000 6.1903
7.1639 0.0000 4.2697
11.9945 0.0000 7.1488
13.3837 0.0000 7.9767
14.0554 0.0000 8.3770
17.9618 0.0000 10.7052
10.3876 0.0000 6.1910
3.9621 0.0000 2.3614
8.1848 0.0000 4.8782
13.1286 0.0000 7.8246
8.5605 0.0000 5.1020
10.6103 0.0000 6.3237
10.0435 0.0000 5.9859
9.1840 0.0000 5.4737
8.9199 0.0000 5.3163
8.2503 0.0000 4.9172
10.8609 0.0000 6.4731
15.6809 0.0000 9.3458
8.9770 0.0000 5.3503
9.9051 0.0000 5.9035
7.9206 0.0000 4.7207
6.6058 0.0000 3.9371
4.8174 0.0000 2.8712
9.0910 0.0000 5.4182
3.5921 0.0000 2.1409
9.0108 0.0000 5.3705
8.8558 0.0000 5.2781
6.9575 0.0000 4.1467
14.2605 0.0000 8.4993
9.6297 0.0000 5.7393
4.2087 0.0000 2.5084
11.7819 0.0000 7.0220
10.2390 0.0000 6.1025
18.6309 0.0000 11.1040
16.2401 0.0000 9.6791
7.9159 0.0000 4.7178
5.8005 0.0000 3.4571
10.1350 0.0000 6.0404
15.7301 0.0000 9.3751
17.4492 0.0000 10.3997
11.1221 0.0000 6.6288
5.8991 0.0000 3.5159
10.9166 0.0000 6.5063
10.6321 0.0000 6.3367
9.3063 0.0000 5.5466
7.7027 0.0000 4.5908
9.6652 0.0000 5.7604
5.1584 0.0000 3.0744
4.6990 0.0000 2.8006
10.3857 0.0000 6.1899
15.6782 0.0000 9.3442
13.6167 0.0000 8.1156
12.2812 0.0000 7.3196
9.4431 0.0000 5.6281
14.0249 0.0000 8.3588
6.2162 0.0000 3.7048
7.5719 0.0000 4.5128
8.2283 0.0000 4.9041
6.6164 0.0000 3.9434
22.5964 0.0000 13.4674
8.3645 0.0000 4.9853
9.6559 0.0000 5.7549
13.9277 0.0000 8.3009
9.5448 0.0000 5.6887
8.0873 0.0000 4.8200
17.5073 0.0000 10.4344
6.5347 0.0000 3.8947
9.5467 0.0000 5.6899
19.3071 0.0000 11.5071
15.7764 0.0000 9.4027
6.9744 0.0000 4.1567
11.7401 0.0000 6.9971
8.6568 0.0000 5.1595
16.3797 0.0000 9.7623
16.5845 0.0000 9.8844
6.5371 0.0000 3.8961
14.7542 0.0000 8.7935
13.5855 0.0000 8.0970
11.6723 0.0000 6.9567
18.7879 0.0000 11.1976
12.6568 0.0000 7.5434
9.6296 0.0000 5.7393
6.3282 0.0000 3.7716
7.8938 0.0000 4.7047
11.3950 0.0000 6.7914
12.2764 0.0000 7.3167
7.9737 0.0000 4.7523
6.9408 0.0000 4.1367
14.4403 0.0000 8.6064
6.4698 0.0000 3.8560
13.4395 0.0000 8.0099
16.2665 0.0000 9.6948
13.3929 0.0000 7.9822
11.0358 0.0000 6.5773
16.4453 0.0000 9.8014
12.4012 0.0000 7.3911
9.0876 0.0000 5.4162
8.1098 0.0000 4.8334
4.0816 0.0000 2.4326
8.1884 0.0000 4.8803
5.0066 0.0000 2.9839
6.8327 0.0000 4.0723
13.1887 0.0000 7.8605
7.7354 0.0000 4.6103
12.4426 0.0000 7.4158
5.3024 0.0000 3.1602
7.0357 0.0000 4.1933
13.6476 0.0000 8.1340
8.3790 0.0000 4.9939
14.2018 0.0000 8.4643
8.6860 0.0000 5.1769
12.9300 0.0000 7.7063
16.8699 0.0000 10.0545
5.6372 0.0000 3.3598
13.6335 0.0000 8.1255
8.9588 0.0000 5.3394
9.1052 0.0000 5.4267
5.2241 0.0000 3.1135
9.3324 0.0000 5.5621
9.5523 0.0000 5.6931
5.3942 0.0000 3.2149
7.7534 0.0000 4.6211
10.7496 0.0000 6.4068
13.4511 0.0000 8.0168
10.4279 0.0000 6.2150
10.1232 0.0000 6.0334
4.9569 0.0000 2.9543
7.4217 0.0000 4.4233
8.6271 0.0000 5.1417
14.2688 0.0000 8.5042
20.1235 0.0000 11.9936
12.8173 0.0000 7.6391
14.5370 0.0000 8.6640
13.1606 0.0000 7.8437
12.5187 0.0000 7.4611
10.1686 0.0000 6.0605
8.8483 0.0000 5.2736
11.9405 0.0000 7.1166
7.6418 0.0000 4.5545
13.6720 0.0000 8.1485
12.5570 0.0000 7.4840
6.7768 0.0000 4.0390
12.1377 0.0000 7.2341
16.1554 0.0000 9.6286
11.1586 0.0000 6.6506
18.0219 0.0000 10.7411
9.0038 0.0000 5.3663
11.2989 0.0000 6.7342
8.9224 0.0000 5.3177
11.1635 0.0000 6.6535
6.7690 0.0000 4.0343
6.0192 0.0000 3.5874
8.2194 0.0000 4.8988
6.2834 0.0000 3.7449
12.2233 0.0000 7.2851
9.0530 0.0000 5.3956
6.2692 0.0000 3.7364
16.1843 0.0000 9.6458
13.0104 0.0000 7.7542
2.9686 0.0000 1.7693
13.1769 0.0000 7.8534
16.5724 0.0000 9.8771
16.4122 0.0000 9.7817
7.4071 0.0000 4.4146
5.0726 0.0000 3.0233
12.2226 0.0000 7.2847
8.7586 0.0000 5.2201
15.0575 0.0000 8.9743
3.4517 0.0000 2.0572
9.9401 0.0000 5.9243
4.9640 0.0000 2.9586
10.2077 0.0000 6.0838
9.4349 0.0000 5.6232
7.1140 0.0000 4.2399
14.3285 0.0000 8.5398
12.7784 0.0000 7.6159
4.1043 0.0000 2.4462
4.0385 0.0000 2.4069
13.5314 0.0000 8.0647
11.5589 0.0000 6.8891
6.3897 0.0000 3.8082
17.4522 0.0000 10.4015
7.6655 0.0000 4.5686
11.8139 0.0000 7.0411
7.5413 0.0000 4.4946
9.9544 0.0000 5.9328
13.4498 0.0000 8.0161
4.2221 0.0000 2.5164
12.0609 0.0000 7.1883
2.5091 0.0000 1.4954
7.6837 0.0000 4.5795
7.4285 0.0000 4.4274
14.4510 0.0000 8.6128
11.4873 0.0000 6.8464
17.4485 0.0000 10.3993
11.2694 0.0000 6.7166
9.5522 0.0000 5.6931
10.6690 0.0000 6.3587
8.8262 0.0000 5.2604
13.1305 0.0000 7.8258
10.3702 0.0000 6.1806
8.0173 0.0000 4.7783
8.7642 0.0000 5.2235
12.1896 0.0000 7.2650
13.4099 0.0000 7.9923
11.0492 0.0000 6.5853
9.8077 0.0000 5.8454
2.4965 0.0000 1.4879
17.0842 0.0000 10.1822
8.3535 0.0000 4.9787
12.3118 0.0000 7.3378
11.9942 0.0000 7.1485
5.8840 0.0000 3.5069
9.3706 0.0000 5.5849
8.4283 0.0000 5.0232
7.9967 0.0000 4.7661
8.4558 0.0000 5.0397
7.3770 0.0000 4.3967
12.7948 0.0000 7.6257
9.6979 0.0000 5.7799
1.8099 0.0000 1.0787
13.3895 0.0000 7.9801
15.5854 0.0000 9.2889
14.0632 0.0000 8.3817
8.9000 0.0000 5.3044
6.2263 0.0000 3.7109
17.0727 0.0000 10.1753
12.8502 0.0000 7.6587
15.6555 0.0000 9.3307
6.8444 0.0000 4.0792
11.7347 0.0000 6.9939
8.1136 0.0000 4.8357
11.9819 0.0000 7.1412
11.6003 0.0000 6.9138
17.7348 0.0000 10.5699
8.2905 0.0000 4.9411
8.3892 0.0000 4.9999
6.9697 0.0000 4.1540
6.1722 0.0000 3.6786
7.0678 0.0000 4.2124
5.8050 0.0000 3.4598
3.6234 0.0000 2.1595
10.0481 0.0000 5.9887
10.5856 0.0000 6.3090
8.4190 0.0000 5.0177
10.4946 0.0000 6.2548
14.6845 0.0000 8.7520
7.8634 0.0000 4.6866
5.6821 0.0000 3.3865
10.6019 0.0000 6.3187
9.8199 0.0000 5.8526
8.4140 0.0000 5.0147
12.9180 0.0000 7.6991
15.7564 0.0000 9.3908
6.7240 0.0000 4.0075
16.3808 0.0000 9.7630
17.6029 0.0000 10.4913
10.7215 0.0000 6.3900
8.6521 0.0000 5.1567
17.2142 0.0000 10.2597
4.8134 0.0000 2.8688
4.7250 0.0000 2.8161
8.7790 0.0000 5.2323
5.5625 0.0000 3.3153
4.2046 0.0000 2.5060
5.5847 0.0000 3.3285
14.7803 0.0000 8.8090
14.5332 0.0000 8.6618
13.0680 0.0000 7.7886
6.3956 0.0000 3.8118
12.5309 0.0000 7.4684
3.5064 0.0000 2.0898
14.9731 0.0000 8.9240
4.1966 0.0000 2.5012
5.6772 0.0000 3.3836
5.5546 0.0000 3.3105
5.9098 0.0000 3.5223
9.6986 0.0000 5.7804
5.7166 0.0000 3.4071
12.6031 0.0000 7.5115
7.7412 0.0000 4.6138
7.0487 0.0000 4.2010
13.7385 0.0000 8.1881
4.0641 0.0000 2.4222
9.4398 0.0000 5.6261
6.6972 0.0000 3.9915
12.5299 0.0000 7.4678
14.1428 0.0000 8.4291
12.0822 0.0000 7.2010
6.2351 0.0000 3.7161
4.3288 0.0000 2.5800
8.5775 0.0000 5.1122
4.9269 0.0000 2.9365
11.3629 0.0000 6.7723
13.3641 0.0000 7.9650
5.6516 0.0000 3.3683
11.5273 0.0000 6.8703
9.5564 0.0000 5.6956
14.3157 0.0000 8.5322
6.8469 0.0000 4.0807
12.7957 0.0000 7.6262
11.4364 0.0000 6.8161
7.6175 0.0000 4.5400
17.2502 0.0000 10.2811
7.5482 0.0000 4.4988
4.7258 0.0000 2.8166
6.9609 0.0000 4.1487
8.2393 0.0000 4.9106
8.5438 0.0000 5.0921
7.9190 0.0000 4.7197
6.6757 0.0000 3.9787
10.0126 0.0000 5.9675
15.0654 0.0000 8.9790
16.2772 0.0000 9.7012
6.9140 0.0000 4.1207
7.5371 0.0000 4.4921
7.3805 0.0000 4.3988
7.4463 0.0000 4.4380
2.0989 0.0000 1.2509
4.8124 0.0000 2.8682
5.4114 0.0000 3.2252
12.0470 0.0000 7.1800
9.3301 0.0000 5.5608
7.0804 0.0000 4.2199
6.5728 0.0000 3.9174
3.9153 0.0000 2.3335
2.7164 0.0000 1.6190
9.8349 0.0000 5.8616
7.1584 0.0000 4.2664
10.3504 0.0000 6.1688
8.4901 0.0000 5.0601
12.7947 0.0000 7.6256
16.1325 0.0000 9.6150
7.7868 0.0000 4.6409
15.7108 0.0000 9.3636
13.2100 0.0000 7.8732
10.1673 0.0000 6.0597
13.5052 0.0000 8.0491
7.1252 0.0000 4.2466
2.1977 0.0000 1.3098
6.8303 0.0000 4.0709
5.3964 0.0000 3.2162
7.2858 0.0000 4.3423
11.2277 0.0000 6.6917
13.4768 0.0000 8.0322
12.9682 0.0000 7.7291
9.3225 0.0000 5.5562
17.6009 0.0000 10.4901
14.2534 0.0000 8.4950
7.7325 0.0000 4.6086
6.9340 0.0000 4.1327
11.4521 0.0000 6.8255
11.5638 0.0000 6.8920
14.7137 0.0000 8.7694
18.8529 0.0000 11.2363
6.1326 0.0000 3.6550
9.8383 0.0000 5.8637
4.7516 0.0000 2.8320
13.6806 0.0000 8.1537
14.2158 0.0000 8.4726
3.8426 0.0000 2.2902
10.4987 0.0000 6.2572
6.5561 0.0000 3.9074
5.2039 0.0000 3.1015
8.8537 0.0000 5.2768
10.2017 0.0000 6.0802
7.9909 0.0000 4.7626
8.1071 0.0000 4.8318
24.6855 0.0000 14.7126
3.5808 0.0000 2.1342
17.6760 0.0000 10.5349
5.6869 0.0000 3.3894
9.7060 0.0000 5.7848
6.3246 0.0000 3.7695
6.4322 0.0000 3.8336
12.5283 0.0000 7.4669
7.2648 0.0000 4.3298
8.7870 0.0000 5.2371
11.3381 0.0000 6.7575
7.3330 0.0000 4.3705
3.8155 0.0000 2.2740
13.4217 0.0000 7.9994
10.5441 0.0000 6.2843
7.9923 0.0000 4.7634
4.6083 0.0000 2.7466
10.9778 0.0000 6.5428
12.9006 0.0000 7.6888
8.6886 0.0000 5.1784
4.4851 0.0000 2.6731
9.1005 0.0000 5.4239
13.8457 0.0000 8.2521
7.1761 0.0000 4.2770
8.0469 0.0000 4.7960
12.7249 0.0000 7.5841
6.9413 0.0000 4.1370
8.0427 0.0000 4.7935
10.4360 0.0000 6.2199
18.5667 0.0000 11.0657
6.2614 0.0000 3.7318
11.6539 0.0000 6.9457
15.6870 0.0000 9.3494
14.3124 0.0000 8.5302
12.0040 0.0000 7.1544
11.9921 0.0000 7.1473
6.3508 0.0000 3.7851
9.8707 0.0000 5.8830
12.4682 0.0000 7.4310
6.3767 0.0000 3.8005
10.3083 0.0000 6.1438
4.8676 0.0000 2.9011
8.3441 0.0000 4.9731
16.3591 0.0000 9.7500
3.2382 0.0000 1.9300
8.7619 0.0000 5.2221
2.3229 0.0000 1.3844
11.6321 0.0000 6.9327
4.6654 0.0000 2.7806
7.0390 0.0000 4.1952
2.6764 0.0000 1.5951
11.3951 0.0000 6.7915
5.8066 0.0000 3.4608
7.4520 0.0000 4.4414
9.3174 0.0000 5.5532
12.2427 0.0000 7.2966
3.9721 0.0000 2.3674
13.6181 0.0000 8.1164
12.0211 0.0000 7.1646
11.5395 0.0000 6.8776
8.6505 0.0000 5.1557
5.0240 0.0000 2.9943
10.4952 0.0000 6.2552
10.7459 0.0000 6.4046
4.9479 0.0000 2.9489
3.6273 0.0000 2.1619
4.6496 0.0000 2.7711
9.9581 0.0000 5.9350
3.0416 0.0000 1.8128
16.5507 0.0000 9.8642
4.5697 0.0000 2.7235
7.0027 0.0000 4.1736
9.6631 0.0000 5.7592
5.5419 0.0000 3.3030
5.4121 0.0000 3.2256
5.0775 0.0000 3.0262
7.3253 0.0000 4.3659
11.7761 0.0000 7.0186
7.9536 0.0000 4.7403
10.2239 0.0000 6.0934
3.6899 0.0000 2.1992
4.6180 0.0000 2.7523
9.0306 0.0000 5.3822
7.6618 0.0000 4.5664
10.4216 0.0000 6.2113
6.8557 0.0000 4.0860
7.3728 0.0000 4.3942
6.1413 0.0000 3.6602
10.1054 0.0000 6.0228
6.7584 0.0000 4.0280
7.9822 0.0000 4.7574
10.5263 0.0000 6.2737
8.5381 0.0000 5.0887
3.9915 0.0000 2.3789
10.1135 0.0000 6.0277
10.1181 0.0000 6.0304
7.0247 0.0000 4.1867
10.6651 0.0000 6.3564
13.9952 0.0000 8.3411
11.7565 0.0000 7.0069
6.5539 0.0000 3.9061
10.0646 0.0000 5.9985
13.0091 0.0000 7.7534
11.7764 0.0000 7.0187
8.9684 0.0000 5.3452
7.4896 0.0000 4.4638
11.3675 0.0000 6.7750
2.6786 0.0000 1.5964
13.2999 0.0000 7.9268
6.1141 0.0000 3.6440
9.6836 0.0000 5.7714
13.5483 0.0000 8.0748
12.1716 0.0000 7.2543
20.1216 0.0000 11.9925
8.9769 0.0000 5.3502
13.6714 0.0000 8.1482
8.3472 0.0000 4.9749
3.6564 0.0000 2.1792
5.8416 0.0000 3.4816
9.0389 0.0000 5.3872
10.1828 0.0000 6.0690
3.5167 0.0000 2.0960
3.9113 0.0000 2.3311
9.2580 0.0000 5.5178
5.4820 0.0000 3.2673
8.5202 0.0000 5.0780
10.1521 0.0000 6.0507
9.3930 0.0000 5.5982
15.8012 0.0000 9.4175
8.3563 0.0000 4.9803
7.6595 0.0000 4.5650
9.8306 0.0000 5.8590
20.8229 0.0000 12.4104
8.6641 0.0000 5.1638
7.3258 0.0000 4.3662
11.7614 0.0000 7.0098
16.0045 0.0000 9.5387
7.7247 0.0000 4.6039
5.5788 0.0000 3.3250
7.3869 0.0000 4.4026
3.9076 0.0000 2.3289
8.2876 0.0000 4.9394
8.1344 0.0000 4.8481
12.3799 0.0000 7.3784
9.0452 0.0000 5.3909
6.6436 0.0000 3.9596
8.4800 0.0000 5.0541
15.1029 0.0000 9.0014
8.5221 0.0000 5.0792
5.7772 0.0000 3.4432
15.6186 0.0000 9.3087
7.3793 0.0000 4.3981
10.3371 0.0000 6.1609
8.5936 0.0000 5.1218
6.1951 0.0000 3.6923
5.6862 0.0000 3.3890
6.3983 0.0000 3.8134
7.4424 0.0000 4.4356
13.4910 0.0000 8.0406
4.2586 0.0000 2.5382
8.0465 0.0000 4.7957
10.4758 0.0000 6.2436
9.4141 0.0000 5.6108
6.1450 0.0000 3.6624
8.0736 0.0000 4.8119
4.7321 0.0000 2.8203
8.1739 0.0000 4.8716
9.1670 0.0000 5.4635
8.2113 0.0000 4.8940
8.0803 0.0000 4.8159
12.6854 0.0000 7.5605
13.8776 0.0000 8.2711
7.4474 0.0000 4.4387
15.0890 0.0000 8.9931
2.7289 0.0000 1.6264
7.3401 0.0000 4.3747
6.4942 0.0000 3.8706
2.7405 0.0000 1.6333
7.0078 0.0000 4.1767
2.9805 0.0000 1.7764
5.5815 0.0000 3.3266
7.8058 0.0000 4.6523
12.0878 0.0000 7.2044
11.2418 0.0000 6.7001
5.2394 0.0000 3.1227
8.5039 0.0000 5.0683
4.7297 0.0000 2.8189
7.7564 0.0000 4.6228
9.3907 0.0000 5.5969
6.8186 0.0000 4.0639
10.4667 0.0000 6.2382
7.0500 0.0000 4.2018
10.2836 0.0000 6.1290
9.9652 0.0000 5.9392
7.4448 0.0000 4.4371
11.7867 0.0000 7.0249
3.2262 0.0000 1.9228
5.5604 0.0000 3.3140
12.5331 0.0000 7.4697
6.0249 0.0000 3.5909
8.7791 0.0000 5.2324
11.4070 0.0000 6.7986
9.8381 0.0000 5.8635
17.3769 0.0000 10.3566
11.7518 0.0000 7.0041
12.5056 0.0000 7.4533
2.9816 0.0000 1.7770
12.1594 0.0000 7.2470
9.9642 0.0000 5.9387
6.6090 0.0000 3.9390
8.4718 0.0000 5.0492
8.0244 0.0000 4.7825
6.9563 0.0000 4.1460
10.7998 0.0000 6.4367
4.0534 0.0000 2.4158
16.2484 0.0000 9.6841
4.0783 0.0000 2.4307
4.0860 0.0000 2.4352
15.3137 0.0000 9.1270
15.7161 0.0000 9.3668
10.5783 0.0000 6.3047
10.4585 0.0000 6.2333
10.4662 0.0000 6.2379
11.0795 0.0000 6.6034
9.8687 0.0000 5.8817
12.3487 0.0000 7.3598
7.1840 0.0000 4.2817
8.3162 0.0000 4.9565
11.5186 0.0000 6.8651
5.5958 0.0000 3.3351
11.0275 0.0000 6.5724
11.6516 0.0000 6.9444
3.9872 0.0000 2.3764
5.1397 0.0000 3.0633
5.8503 0.0000 3.4868
18.5304 0.0000 11.0441
8.9436 0.0000 5.3304
4.3400 0.0000 2.5866
17.4336 0.0000 10.3904
6.1040 0.0000 3.6380
9.4828 0.0000 5.6518
9.4471 0.0000 5.6305
7.6381 0.0000 4.5523
10.9202 0.0000 6.5084
7.3173 0.0000 4.3611
1.6605 0.0000 0.9896
14.7140 0.0000 8.7696
5.2119 0.0000 3.1063
8.6021 0.0000 5.1269
5.9569 0.0000 3.5503
13.8643 0.0000 8.2631
12.2357 0.0000 7.2925
8.2921 0.0000 4.9421
7.0821 0.0000 4.2209
8.1970 0.0000 4.8854
8.2610 0.0000 4.9236
11.6802 0.0000 6.9614
9.3376 0.0000 5.5652
12.0651 0.0000 7.1908
7.1816 0.0000 4.2802
8.2543 0.0000 4.9195
12.6180 0.0000 7.5203
12.2106 0.0000 7.2775
5.9563 0.0000 3.5499
17.1227 0.0000 10.2051
11.3658 0.0000 6.7740
18.7063 0.0000 11.1489
10.4450 0.0000 6.2252
11.0833 0.0000 6.6057
12.2236 0.0000 7.2853
7.8586 0.0000 4.6837
9.6737 0.0000 5.7655
9.8611 0.0000 5.8772
13.8903 0.0000 8.2786
14.1206 0.0000 8.4159
10.7827 0.0000 6.4265
5.4599 0.0000 3.2541
16.1895 0.0000 9.6489
8.3333 0.0000 4.9666
9.0447 0.0000 5.3906
5.3611 0.0000 3.1952
12.8196 0.0000 7.6405
11.2382 0.0000 6.6980
8.5545 0.0000 5.0985
6.4288 0.0000 3.8316
15.0511 0.0000 8.9704
8.3712 0.0000 4.9893
13.9794 0.0000 8.3317
10.8555 0.0000 6.4699
12.1882 0.0000 7.2642
10.5183 0.0000 6.2689
5.2929 0.0000 3.1546
8.9380 0.0000 5.3271
5.8252 0.0000 3.4718
10.6604 0.0000 6.3536
13.2057 0.0000 7.8706
9.5695 0.0000 5.7034
10.1846 0.0000 6.0700
4.3359 0.0000 2.5842
9.0077 0.0000 5.3686
6.2530 0.0000 3.7268
9.4401 0.0000 5.6263
12.8507 0.0000 7.6590
9.7957 0.0000 5.8382
9.2293 0.0000 5.5007
9.1808 0.0000 5.4717
12.7711 0.0000 7.6116
2.9753 0.0000 1.7733
8.7809 0.0000 5.2334
13.3046 0.0000 7.9295
2.0583 0.0000 1.2268
9.4990 0.0000 5.6614
10.2679 0.0000 6.1197
4.2421 0.0000 2.5283
9.9773 0.0000 5.9465
8.5567 0.0000 5.0998
14.2678 0.0000 8.5036
14.4537 0.0000 8.6144
3.1926 0.0000 1.9028
8.5550 0.0000 5.0988
15.8872 0.0000 9.4688
4.2914 0.0000 2.5577
5.9464 0.0000 3.5440
8.9031 0.0000 5.3063
5.5459 0.0000 3.3054
8.2149 0.0000 4.8961
9.4954 0.0000 5.6593
1.7336 0.0000 1.0332
16.3390 0.0000 9.7380
10.7193 0.0000 6.3887
14.7094 0.0000 8.7668
8.5842 0.0000 5.1162
11.4532 0.0000 6.8261
15.0458 0.0000 8.9673
10.0560 0.0000 5.9934
17.7463 0.0000 10.5768
12.9280 0.0000 7.7051
5.2775 0.0000 3.1454
11.4040 0.0000 6.7968
18.3290 0.0000 10.9241
9.5608 0.0000 5.6983
13.3391 0.0000 7.9501
7.1411 0.0000 4.2561
9.6400 0.0000 5.7454
10.7975 0.0000 6.4353
11.5135 0.0000 6.8621
8.8897 0.0000 5.2983
15.9353 0.0000 9.4975
8.8447 0.0000 5.2714
8.4238 0.0000 5.0206
13.7976 0.0000 8.2234
11.0613 0.0000 6.5925
11.2013 0.0000 6.6760
7.0252 0.0000 4.1870
7.0338 0.0000 4.1922
9.2706 0.0000 5.5253
7.5415 0.0000 4.4947
17.8005 0.0000 10.6091
4.2221 0.0000 2.5164
10.6724 0.0000 6.3607
12.2697 0.0000 7.3127
13.9125 0.0000 8.2919
11.2792 0.0000 6.7224
4.1161 0.0000 2.4532
8.1192 0.0000 4.8390
6.4892 0.0000 3.8676
6.1909 0.0000 3.6898
8.5539 0.0000 5.0981
10.9323 0.0000 6.5157
13.6447 0.0000 8.1323
6.7137 0.0000 4.0013
10.1280 0.0000 6.0363
3.8125 0.0000 2.2723
13.3450 0.0000 7.9536
9.4689 0.0000 5.6435
14.4898 0.0000 8.6359
8.5985 0.0000 5.1247
13.9174 0.0000 8.2948
14.0983 0.0000 8.4026
7.0697 0.0000 4.2135
6.0441 0.0000 3.6023
4.4916 0.0000 2.6770
8.0709 0.0000 4.8102
12.9190 0.0000 7.6997
16.1783 0.0000 9.6423
16.9774 0.0000 10.1185
11.1463 0.0000 6.6432
10.8836 0.0000 6.4866
8.9090 0.0000 5.3098
15.9508 0.0000 9.5067
14.9912 0.0000 8.9348
14.3290 0.0000 8.5401
5.5429 0.0000 3.3036
12.4977 0.0000 7.4486
16.4196 0.0000 9.7861
12.7635 0.0000 7.6070
7.5266 0.0000 4.4859
4.9512 0.0000 2.9509
9.2621 0.0000 5.5202
7.4971 0.0000 4.4683
5.1492 0.0000 3.0689
15.0215 0.0000 8.9528
11.9769 0.0000 7.1382
14.7500 0.0000 8.7910
15.2765 0.0000 9.1048
15.4195 0.0000 9.1900
16.7480 0.0000 9.9818
4.9783 0.0000 2.9671
8.5608 0.0000 5.1022
3.8090 0.0000 2.2701
10.5537 0.0000 6.2900
7.1221 0.0000 4.2448
6.8982 0.0000 4.1113
11.8644 0.0000 7.0712
8.8055 0.0000 5.2481
5.9477 0.0000 3.5448
3.0589 0.0000 1.8231
7.8890 0.0000 4.7018
7.9123 0.0000 4.7157
19.3739 0.0000 11.5468
10.6188 0.0000 6.3288
3.7861 0.0000 2.2565
9.6669 0.0000 5.7615
8.8482 0.0000 5.2735
13.8967 0.0000 8.2824
10.5449 0.0000 6.2848
8.1923 0.0000 4.8826
4.9578 0.0000 2.9549
5.7298 0.0000 3.4150
6.1456 0.0000 3.6628
10.6498 0.0000 6.3473
10.4934 0.0000 6.2541
12.5061 0.0000 7.4536
15.7914 0.0000 9.4117
6.3356 0.0000 3.7760
14.9612 0.0000 8.9169
10.2537 0.0000 6.1112
10.2667 0.0000 6.1190
8.4388 0.0000 5.0295
8.2536 0.0000 4.9192
9.5473 0.0000 5.6902
6.9823 0.0000 4.1614
15.0001 0.0000 8.9400
7.9562 0.0000 4.7419
4.3947 0.0000 2.6192
3.7019 0.0000 2.2063
8.7548 0.0000 5.2178
13.2220 0.0000 7.8803
11.0553 0.0000 6.5889
12.4608 0.0000 7.4266
11.4669 0.0000 6.8342
5.7553 0.0000 3.4302
9.6614 0.0000 5.7582
8.5189 0.0000 5.0773
10.8746 0.0000 6.4812
8.7037 0.0000 5.1874
5.5668 0.0000 3.3178
13.8110 0.0000 8.2313
10.7389 0.0000 6.4004
11.7710 0.0000 7.0155
16.1006 0.0000 9.5959
11.6053 0.0000 6.9167
10.1899 0.0000 6.0732
8.4835 0.0000 5.0562
8.8827 0.0000 5.2941
8.2647 0.0000 4.9257
7.3127 0.0000 4.3584
6.4221 0.0000 3.8275
7.6164 0.0000 4.5394
14.3743 0.0000 8.5671
11.1388 0.0000 6.6388
6.5543 0.0000 3.9064
12.3170 0.0000 7.3409
2.3347 0.0000 1.3915
16.2561 0.0000 9.6887
11.6549 0.0000 6.9463
7.8163 0.0000 4.6585
7.5117 0.0000 4.4770
10.0530 0.0000 5.9916
10.3611 0.0000 6.1752
11.0134 0.0000 6.5640
11.4806 0.0000 6.8424
4.6720 0.0000 2.7845
12.4276 0.0000 7.4068
5.6135 0.0000 3.3457
12.1173 0.0000 7.2219
18.1818 0.0000 10.8364
10.1760 0.0000 6.0649
7.8335 0.0000 4.6688
12.1057 0.0000 7.2150
10.3397 0.0000 6.1625
2.9020 0.0000 1.7296
14.9956 0.0000 8.9374
6.4407 0.0000 3.8387
14.2234 0.0000 8.4771
9.5416 0.0000 5.6868
13.6393 0.0000 8.1290
10.2315 0.0000 6.0980
13.4007 0.0000 7.9868
18.4019 0.0000 10.9675
13.6953 0.0000 8.1624
10.8659 0.0000 6.4761
10.5854 0.0000 6.3089
16.0829 0.0000 9.5854
11.0697 0.0000 6.5975
15.6018 0.0000 9.2987
8.2249 0.0000 4.9021
16.8278 0.0000 10.0294
13.1341 0.0000 7.8279
14.7394 0.0000 8.7847
5.3753 0.0000 3.2037
14.3632 0.0000 8.5605
13.2613 0.0000 7.9037
11.0106 0.0000 6.5623
18.4411 0.0000 10.9909
14.5877 0.0000 8.6943
5.5170 0.0000 3.2881
7.2782 0.0000 4.3378
12.2337 0.0000 7.2913
8.2640 0.0000 4.9253
15.0167 0.0000 8.9500
11.2894 0.0000 6.7285
12.6673 0.0000 7.5497
4.5286 0.0000 2.6990
10.0244 0.0000 5.9745
4.3732 0.0000 2.6064
4.0012 0.0000 2.3847
6.7144 0.0000 4.0018
9.8674 0.0000 5.8810
17.4589 0.0000 10.4055
10.5974 0.0000 6.3161
13.5125 0.0000 8.0535
19.5152 0.0000 11.6311
5.5383 0.0000 3.3008
6.7411 0.0000 4.0177
6.4541 0.0000 3.8466
20.2663 0.0000 12.0787
11.0779 0.0000 6.6024
11.3762 0.0000 6.7802
19.2628 0.0000 11.4806
12.9960 0.0000 7.7456
14.8908 0.0000 8.8749
9.4930 0.0000 5.6578
8.0378 0.0000 4.7905
13.2137 0.0000 7.8753
8.4470 0.0000 5.0344
8.4282 0.0000 5.0232
7.9657 0.0000 4.7476
14.6453 0.0000 8.7286
19.7130 0.0000 11.7489
10.3093 0.0000 6.1444
6.9114 0.0000 4.1192
11.1539 0.0000 6.6477
10.6592 0.0000 6.3529
12.1980 0.0000 7.2700
8.0959 0.0000 4.8252
14.3980 0.0000 8.5812
6.3963 0.0000 3.8122
6.4586 0.0000 3.8493
9.7411 0.0000 5.8057
17.4322 0.0000 10.3896
15.3121 0.0000 9.1260
7.9284 0.0000 4.7253
8.2087 0.0000 4.8924
16.6106 0.0000 9.8999
14.9915 0.0000 8.9349
10.4601 0.0000 6.2342
11.5626 0.0000 6.8913
9.0613 0.0000 5.4005
12.3014 0.0000 7.3317
9.2595 0.0000 5.5187
5.2897 0.0000 3.1526
9.0035 0.0000 5.3661
12.2805 0.0000 7.3192
5.1366 0.0000 3.0614
15.7582 0.0000 9.3919
8.1459 0.0000 4.8549
14.1397 0.0000 8.4272
8.7829 0.0000 5.2346
11.9797 0.0000 7.1399
15.2997 0.0000 9.1186
10.4878 0.0000 6.2507
18.9512 0.0000 11.2949
12.3763 0.0000 7.3763
9.4532 0.0000 5.6341
11.8081 0.0000 7.0376
15.4438 0.0000 9.2045
8.3706 0.0000 4.9889
8.1399 0.0000 4.8514
13.4391 0.0000 8.0097
5.4711 0.0000 3.2608
5.6539 0.0000 3.3697
9.3142 0.0000 5.5513
6.9740 0.0000 4.1565
3.6243 0.0000 2.1601
14.3296 0.0000 8.5405
5.1320 0.0000 3.0587
11.9826 0.0000 7.1416
17.4079 0.0000 10.3751
9.4670 0.0000 5.6423
10.2030 0.0000 6.0810
14.9899 0.0000 8.9340
9.8257 0.0000 5.8561
12.9093 0.0000 7.6940
7.2448 0.0000 4.3179
4.7716 0.0000 2.8439
9.1649 0.0000 5.4623
13.2154 0.0000 7.8764
9.2233 0.0000 5.4971
15.2821 0.0000 9.1081
3.9743 0.0000 2.3687
19.2282 0.0000 11.4600
9.2642 0.0000 5.5215
9.1944 0.0000 5.4799
17.0197 0.0000 10.1437
8.5079 0.0000 5.0707
8.6182 0.0000 5.1364
3.0603 0.0000 1.8239
9.6711 0.0000 5.7640
9.5783 0.0000 5.7087
12.2312 0.0000 7.2898
14.5076 0.0000 8.6465
11.9770 0.0000 7.1383
15.1039 0.0000 9.0020
12.5461 0.0000 7.4775
5.0279 0.0000 2.9966
13.5912 0.0000 8.1004
6.9744 0.0000 4.1568
10.4141 0.0000 6.2068
16.6165 0.0000 9.9035
13.0772 0.0000 7.7940
12.0475 0.0000 7.1803
10.8198 0.0000 6.4486
6.2378 0.0000 3.7177
16.7354 0.0000 9.9743
4.9483 0.0000 2.9492
11.2231 0.0000 6.6889
13.4286 0.0000 8.0035
11.0383 0.0000 6.5788
9.8878 0.0000 5.8931
12.8193 0.0000 7.6403
9.3393 0.0000 5.5662
6.9055 0.0000 4.1157
14.7749 0.0000 8.8058
12.8730 0.0000 7.6723
20.7058 0.0000 12.3407
9.3237 0.0000 5.5569
3.9581 0.0000 2.3590
11.3182 0.0000 6.7457
4.1903 0.0000 2.4974
2.5385 0.0000 1.5130
12.1974 0.0000 7.2697
8.8548 0.0000 5.2775
4.7091 0.0000 2.8066
11.8953 0.0000 7.0896
6.8530 0.0000 4.0844
10.0006 0.0000 5.9604
9.5256 0.0000 5.6773
8.7997 0.0000 5.2446
11.5257 0.0000 6.8693
6.7723 0.0000 4.0363
7.3928 0.0000 4.4061
14.7845 0.0000 8.8115
14.0373 0.0000 8.3662
14.1432 0.0000 8.4294
10.4640 0.0000 6.2366
5.2338 0.0000 3.1194
10.7973 0.0000 6.4352
11.0632 0.0000 6.5937
10.5926 0.0000 6.3132
7.6056 0.0000 4.5329
9.8591 0.0000 5.8761
9.0051 0.0000 5.3670
8.2503 0.0000 4.9172
11.1026 0.0000 6.6172
8.6555 0.0000 5.1587
8.9378 0.0000 5.3269
6.7523 0.0000 4.0244
14.4145 0.0000 8.5911
17.6237 0.0000 10.5037
19.6244 0.0000 11.6962
21.9279 0.0000 13.0691
7.8646 0.0000 4.6873
8.2951 0.0000 4.9439
9.5547 0.0000 5.6946
10.8003 0.0000 6.4370
8.4494 0.0000 5.0358
8.1215 0.0000 4.8404
12.3906 0.0000 7.3848
17.8141 0.0000 10.6172
9.0758 0.0000 5.4092
9.9108 0.0000 5.9069
6.9046 0.0000 4.1151
10.5997 0.0000 6.3174
11.8656 0.0000 7.0719
14.5987 0.0000 8.7008
12.2309 0.0000 7.2896
10.8863 0.0000 6.4883
10.5224 0.0000 6.2713
11.5435 0.0000 6.8799
4.5309 0.0000 2.7004
5.7463 0.0000 3.4248
7.9830 0.0000 4.7579
7.6956 0.0000 4.5866
12.4356 0.0000 7.4116
14.0033 0.0000 8.3460
16.4704 0.0000 9.8163
6.9362 0.0000 4.1340
9.5002 0.0000 5.6621
13.5186 0.0000 8.0571
3.9425 0.0000 2.3497
10.2118 0.0000 6.0863
8.3016 0.0000 4.9478
3.0603 0.0000 1.8240
10.8124 0.0000 6.4442
16.9549 0.0000 10.1051
8.5577 0.0000 5.1004
13.9949 0.0000 8.3409
7.4350 0.0000 4.4313
10.8893 0.0000 6.4901
9.6566 0.0000 5.7553
6.2633 0.0000 3.7329
8.2815 0.0000 4.9358
9.1712 0.0000 5.4660
3.8151 0.0000 2.2738
8.7249 0.0000 5.2001
4.2363 0.0000 2.5248
5.0546 0.0000 3.0125
9.3479 0.0000 5.5714
7.2627 0.0000 4.3286
7.4566 0.0000 4.4441
9.3187 0.0000 5.5540
13.6001 0.0000 8.1057
6.5424 0.0000 3.8992
15.3417 0.0000 9.1437
8.2393 0.0000 4.9106
16.6418 0.0000 9.9185
13.9965 0.0000 8.3419
9.4466 0.0000 5.6302
9.9692 0.0000 5.9416
12.9838 0.0000 7.7384
6.9231 0.0000 4.1262
15.4921 0.0000 9.2333
9.8265 0.0000 5.8566
8.4392 0.0000 5.0298
6.2635 0.0000 3.7331
7.0184 0.0000 4.1829
7.0800 0.0000 4.2197
10.4696 0.0000 6.2399
15.0119 0.0000 8.9471
12.3896 0.0000 7.3842
10.9199 0.0000 6.5083
9.1198 0.0000 5.4354
12.6729 0.0000 7.5531
11.3408 0.0000 6.7591
5.3366 0.0000 3.1806
7.7053 0.0000 4.5924
5.9980 0.0000 3.5748
7.4811 0.0000 4.4588
11.3739 0.0000 6.7788
13.7772 0.0000 8.2112
16.7386 0.0000 9.9762
17.1703 0.0000 10.2335
0.8229 0.0000 0.4904
5.5994 0.0000 3.3372
2.2821 0.0000 1.3601
9.7232 0.0000 5.7951
8.4543 0.0000 5.0388
15.5072 0.0000 9.2423
15.0896 0.0000 8.9934
8.1698 0.0000 4.8692
5.1030 0.0000 3.0414
8.5876 0.0000 5.1182
8.4611 0.0000 5.0428
7.2256 0.0000 4.3065
9.7700 0.0000 5.8229
3.4652 0.0000 2.0652
8.7352 0.0000 5.2062
16.9157 0.0000 10.0817
16.2762 0.0000 9.7006
12.0848 0.0000 7.2025
9.7992 0.0000 5.8403
13.5040 0.0000 8.0484
13.7023 0.0000 8.1666
11.7055 0.0000 6.9765
6.5666 0.0000 3.9137
10.1600 0.0000 6.0553
6.7417 0.0000 4.0180
5.5403 0.0000 3.3020
3.6386 0.0000 2.1686
21.7336 0.0000 12.9532
8.7057 0.0000 5.1886
12.9688 0.0000 7.7294
11.3651 0.0000 6.7736
12.2091 0.0000 7.2766
8.4938 0.0000 5.0623
11.3462 0.0000 6.7623
6.0798 0.0000 3.6236
7.4213 0.0000 4.4231
7.1811 0.0000 4.2799
6.9099 0.0000 4.1183
0.8839 0.0000 0.5268
9.3985 0.0000 5.6015
8.9290 0.0000 5.3217
5.9706 0.0000 3.5585
2.1635 0.0000 1.2895
13.5479 0.0000 8.0746
4.6684 0.0000 2.7823
6.4806 0.0000 3.8624
8.5683 0.0000 5.1067
7.1904 0.0000 4.2855
6.6662 0.0000 3.9731
7.6167 0.0000 4.5396
13.8835 0.0000 8.2745
9.1300 0.0000 5.4415
12.3135 0.0000 7.3388
11.4434 0.0000 6.8203
6.6688 0.0000 3.9746
13.4861 0.0000 8.0377
12.9953 0.0000 7.7452
8.8770 0.0000 5.2907
8.1272 0.0000 4.8438
10.9868 0.0000 6.5481
6.5001 0.0000 3.8740
8.0073 0.0000 4.7723
3.0784 0.0000 1.8347
17.3091 0.0000 10.3162
11.6275 0.0000 6.9300
26.2262 0.0000 15.6308
9.2978 0.0000 5.5415
5.9858 0.0000 3.5675
5.5600 0.0000 3.3138
17.6266 0.0000 10.5054
13.0676 0.0000 7.7883
8.1158 0.0000 4.8370
12.7557 0.0000 7.6024
8.6014 0.0000 5.1264
8.7443 0.0000 5.2116
9.6318 0.0000 5.7405
5.3257 0.0000 3.1741
10.4360 0.0000 6.2199
6.8638 0.0000 4.0908
5.3549 0.0000 3.1915
6.4457 0.0000 3.8416
7.3808 0.0000 4.3990
9.2568 0.0000 5.5170
8.1153 0.0000 4.8367
9.6303 0.0000 5.7397
9.7658 0.0000 5.8204
13.7265 0.0000 8.1810
7.4671 0.0000 4.4504
6.5492 0.0000 3.9033
7.7412 0.0000 4.6138
11.8371 0.0000 7.0549
4.0862 0.0000 2.4354
12.7701 0.0000 7.6110
16.4604 0.0000 9.8104
8.4150 0.0000 5.0153
12.6205 0.0000 7.5218
11.3141 0.0000 6.7432
17.7217 0.0000 10.5621
13.8979 0.0000 8.2831
15.3969 0.0000 9.1766
5.0416 0.0000 3.0048
17.1211 0.0000 10.2042
5.7798 0.0000 3.4448
3.0672 0.0000 1.8280
7.1546 0.0000 4.2642
11.6668 0.0000 6.9534
13.1053 0.0000 7.8107
9.2924 0.0000 5.5383
6.7529 0.0000 4.0248
9.9903 0.0000 5.9542
10.2277 0.0000 6.0957
8.9419 0.0000 5.3294
4.3997 0.0000 2.6222
5.6636 0.0000 3.3755
10.9471 0.0000 6.5244
16.0248 0.0000 9.5508
9.1909 0.0000 5.4778
8.8260 0.0000 5.2603
10.9756 0.0000 6.5414
15.3532 0.0000 9.1505
6.3239 0.0000 3.7691
15.5906 0.0000 9.2920
7.4091 0.0000 4.4158
5.8112 0.0000 3.4635
10.2422 0.0000 6.1044
3.4311 0.0000 2.0449
9.8425 0.0000 5.8661
3.6182 0.0000 2.1564
11.8254 0.0000 7.0479
8.2359 0.0000 4.9086
7.3931 0.0000 4.4063
10.9831 0.0000 6.5459
4.6871 0.0000 2.7935
14.4864 0.0000 8.6339
10.9395 0.0000 6.5199
6.4155 0.0000 3.8236
6.3406 0.0000 3.7790
11.4555 0.0000 6.8275
13.4098 0.0000 7.9922
14.2923 0.0000 8.5182
11.3118 0.0000 6.7418
8.4588 0.0000 5.0414
10.0957 0.0000 6.0170
10.0805 0.0000 6.0080
12.3293 0.0000 7.3482
5.2316 0.0000 3.1180
10.4204 0.0000 6.2106
16.3578 0.0000 9.7493
9.4187 0.0000 5.6135
10.0259 0.0000 5.9754
7.5792 0.0000 4.5172
7.1847 0.0000 4.2821
2.5138 0.0000 1.4982
3.3011 0.0000 1.9675
12.5639 0.0000 7.4881
13.2134 0.0000 7.8752
6.5504 0.0000 3.9040
7.7086 0.0000 4.5944
4.7926 0.0000 2.8564
4.7401 0.0000 2.8251
4.5200 0.0000 2.6939
9.1269 0.0000 5.4396
10.8940 0.0000 6.4928
7.3289 0.0000 4.3680
7.6504 0.0000 4.5596
6.8748 0.0000 4.0974
4.2972 0.0000 2.5611
8.5747 0.0000 5.1105
8.5509 0.0000 5.0963
8.1969 0.0000 4.8854
11.4497 0.0000 6.8240
18.5894 0.0000 11.0793
12.4947 0.0000 7.4468
7.9167 0.0000 4.7184
4.4167 0.0000 2.6324
15.8868 0.0000 9.4685
4.2364 0.0000 2.5249
7.1777 0.0000 4.2779
15.8548 0.0000 9.4495
10.0925 0.0000 6.0151
10.4461 0.0000 6.2259
9.9222 0.0000 5.9136
14.1684 0.0000 8.4443
6.5169 0.0000 3.8841
21.6796 0.0000 12.9210
11.6987 0.0000 6.9724
10.6116 0.0000 6.3245
14.7770 0.0000 8.8071
19.3596 0.0000 11.5383
6.5903 0.0000 3.9278
16.1230 0.0000 9.6093
10.1192 0.0000 6.0310
13.3235 0.0000 7.9408
14.7116 0.0000 8.7681
1.9992 0.0000 1.1915
10.4776 0.0000 6.2447
5.2653 0.0000 3.1381
15.0804 0.0000 8.9879
10.0043 0.0000 5.9625
15.4408 0.0000 9.2027
6.7109 0.0000 3.9997
5.6756 0.0000 3.3826
7.7382 0.0000 4.6119
19.3375 0.0000 11.5251
9.4908 0.0000 5.6565
10.0805 0.0000 6.0080
11.0218 0.0000 6.5690
8.0398 0.0000 4.7917
7.1583 0.0000 4.2664
5.4311 0.0000 3.2369
14.5696 0.0000 8.6835
8.1437 0.0000 4.8536
9.6062 0.0000 5.7253
5.2823 0.0000 3.1483
4.9891 0.0000 2.9735
6.1226 0.0000 3.6491
10.9682 0.0000 6.5370
7.4710 0.0000 4.4527
8.9356 0.0000 5.3256
5.8928 0.0000 3.5121
14.5807 0.0000 8.6901
12.0401 0.0000 7.1759
11.4278 0.0000 6.8109
14.3413 0.0000 8.5474
6.8975 0.0000 4.1109
9.7386 0.0000 5.8042
10.3844 0.0000 6.1891
14.9224 0.0000 8.8938
11.8342 0.0000 7.0532
11.5511 0.0000 6.8844
3.1211 0.0000 1.8602
7.0652 0.0000 4.2108
7.2571 0.0000 4.3252
14.0466 0.0000 8.3718
14.3182 0.0000 8.5336
14.6201 0.0000 8.7136
10.2286 0.0000 6.0963
13.1836 0.0000 7.8574
8.8030 0.0000 5.2466
7.2699 0.0000 4.3328
14.1591 0.0000 8.4388
13.4596 0.0000 8.0219
5.0767 0.0000 3.0257
9.7168 0.0000 5.7912
3.3344 0.0000 1.9873
12.2982 0.0000 7.3297
6.5157 0.0000 3.8834
8.6261 0.0000 5.1411
5.3834 0.0000 3.2085
9.4276 0.0000 5.6189
14.0571 0.0000 8.3780
6.4397 0.0000 3.8380
13.2921 0.0000 7.9221
11.9756 0.0000 7.1375
18.8399 0.0000 11.2286
9.3197 0.0000 5.5546
8.6000 0.0000 5.1256
7.4093 0.0000 4.4160
7.2258 0.0000 4.3066
8.0292 0.0000 4.7854
12.1470 0.0000 7.2396
20.2241 0.0000 12.0536
7.8363 0.0000 4.6704
10.5770 0.0000 6.3039
6.3156 0.0000 3.7641
9.3302 0.0000 5.5608
5.5329 0.0000 3.2976
7.0500 0.0000 4.2018
7.4341 0.0000 4.4308
21.4957 0.0000 12.8114
13.3211 0.0000 7.9393
8.1848 0.0000 4.8781
5.6934 0.0000 3.3933
7.7363 0.0000 4.6109
10.0893 0.0000 6.0132
7.3883 0.0000 4.4034
8.7879 0.0000 5.2376
5.5945 0.0000 3.3343
9.0287 0.0000 5.3811
11.5673 0.0000 6.8941
5.0217 0.0000 2.9929
7.4375 0.0000 4.4328
10.6493 0.0000 6.3470
4.0399 0.0000 2.4078
8.8629 0.0000 5.2823
6.3805 0.0000 3.8028
10.2711 0.0000 6.1216
9.6537 0.0000 5.7536
4.0789 0.0000 2.4310
6.5027 0.0000 3.8756
5.3611 0.0000 3.1952
11.6957 0.0000 6.9707
2.5680 0.0000 1.5306
9.7087 0.0000 5.7864
11.1374 0.0000 6.6379
12.8809 0.0000 7.6770
7.5962 0.0000 4.5274
2.0809 0.0000 1.2402
7.4645 0.0000 4.4488
9.7768 0.0000 5.8270
7.7132 0.0000 4.5971
11.2067 0.0000 6.6792
17.8679 0.0000 10.6492
6.1584 0.0000 3.6704
11.4635 0.0000 6.8322
13.8112 0.0000 8.2315
6.7065 0.0000 3.9971
10.0523 0.0000 5.9911
5.5646 0.0000 3.3165
12.9880 0.0000 7.7409
9.8832 0.0000 5.8904
11.6365 0.0000 6.9354
2.6965 0.0000 1.6071
6.6352 0.0000 3.9546
12.5278 0.0000 7.4666
6.3571 0.0000 3.7889
5.1756 0.0000 3.0847
7.1648 0.0000 4.2702
19.2453 0.0000 11.4702
3.2894 0.0000 1.9605
5.1383 0.0000 3.0624
8.9866 0.0000 5.3560
12.8247 0.0000 7.6435
7.9640 0.0000 4.7466
7.8579 0.0000 4.6833
9.2102 0.0000 5.4893
21.6424 0.0000 12.8989
5.3020 0.0000 3.1600
10.5732 0.0000 6.3017
15.6968 0.0000 9.3553
7.2374 0.0000 4.3135
8.5636 0.0000 5.1039
15.1678 0.0000 9.0400
12.9681 0.0000 7.7290
8.3811 0.0000 4.9951
4.8271 0.0000 2.8770
7.6009 0.0000 4.5301
16.5888 0.0000 9.8870
6.3845 0.0000 3.8052
8.1717 0.0000 4.8703
9.2772 0.0000 5.5292
7.0086 0.0000 4.1771
7.8083 0.0000 4.6538
5.8488 0.0000 3.4859
6.5778 0.0000 3.9204
10.0699 0.0000 6.0017
9.9328 0.0000 5.9199
9.3320 0.0000 5.5619
18.1006 0.0000 10.7880
9.0302 0.0000 5.3820
10.0627 0.0000 5.9974
8.8196 0.0000 5.2565
5.4049 0.0000 3.2213
10.0200 0.0000 5.9719
11.1010 0.0000 6.6162
7.1049 0.0000 4.2345
6.1559 0.0000 3.6689
4.1139 0.0000 2.4519
14.4362 0.0000 8.6040
5.9248 0.0000 3.5312
4.0121 0.0000 2.3912
9.2298 0.0000 5.5010
11.2589 0.0000 6.7103
11.4636 0.0000 6.8323
10.0541 0.0000 5.9922
4.3345 0.0000 2.5834
6.1489 0.0000 3.6647
8.7453 0.0000 5.2122
10.7061 0.0000 6.3808
4.0553 0.0000 2.4169
15.6997 0.0000 9.3570
14.5260 0.0000 8.6575
8.8630 0.0000 5.2824
16.3797 0.0000 9.7623
13.2521 0.0000 7.8982
9.8205 0.0000 5.8530
11.3064 0.0000 6.7386
20.2301 0.0000 12.0572
18.2323 0.0000 10.8665
10.9468 0.0000 6.5243
4.9780 0.0000 2.9669
9.7722 0.0000 5.8242
9.6115 0.0000 5.7285
11.9110 0.0000 7.0990
8.7170 0.0000 5.1953
8.4462 0.0000 5.0339
14.3532 0.0000 8.5545
13.4150 0.0000 7.9954
14.1731 0.0000 8.4472
6.0299 0.0000 3.5938
6.4998 0.0000 3.8739
7.4944 0.0000 4.4667
10.6592 0.0000 6.3529
15.3997 0.0000 9.1782
2.6712 0.0000 1.5920
10.0941 0.0000 6.0161
7.2095 0.0000 4.2968
8.5141 0.0000 5.0744
9.2422 0.0000 5.5084
11.9951 0.0000 7.1491
9.4386 0.0000 5.6254
7.7288 0.0000 4.6064
9.8135 0.0000 5.8489
9.9159 0.0000 5.9099
7.9325 0.0000 4.7278
8.4962 0.0000 5.0638
11.6493 0.0000 6.9430
10.1369 0.0000 6.0416
14.1572 0.0000 8.4377
6.6258 0.0000 3.9490
4.1416 0.0000 2.4684
8.2035 0.0000 4.8893
10.9671 0.0000 6.5364
9.9182 0.0000 5.9112
9.4964 0.0000 5.6599
10.8484 0.0000 6.4656
9.2096 0.0000 5.4890
7.7120 0.0000 4.5963
7.2226 0.0000 4.3047
9.3157 0.0000 5.5521
10.5898 0.0000 6.3115
5.1673 0.0000 3.0797
9.7292 0.0000 5.7986
6.7780 0.0000 4.0397
14.0776 0.0000 8.3902
6.0581 0.0000 3.6106
14.7693 0.0000 8.8025
8.0558 0.0000 4.8013
4.9062 0.0000 2.9241
8.5539 0.0000 5.0981
5.6069 0.0000 3.3417
10.3020 0.0000 6.1400
16.0144 0.0000 9.5446
13.0866 0.0000 7.7996
13.9335 0.0000 8.3044
7.3856 0.0000 4.4018
13.5701 0.0000 8.0878
11.2665 0.0000 6.7149
16.7080 0.0000 9.9580
18.1985 0.0000 10.8463
9.1806 0.0000 5.4716
5.5989 0.0000 3.3370
5.1518 0.0000 3.0705
5.4537 0.0000 3.2504
10.4732 0.0000 6.2420
4.1747 0.0000 2.4882
12.4148 0.0000 7.3992
11.3746 0.0000 6.7793
16.6302 0.0000 9.9116
4.1191 0.0000 2.4550
4.9552 0.0000 2.9533
9.6326 0.0000 5.7411
6.3977 0.0000 3.8130
15.0625 0.0000 8.9773
5.6871 0.0000 3.3895
7.1298 0.0000 4.2493
4.7639 0.0000 2.8393
12.7847 0.0000 7.6197
7.9660 0.0000 4.7477
8.7163 0.0000 5.1949
8.0969 0.0000 4.8257
10.4545 0.0000 6.2309
6.4629 0.0000 3.8519
9.1993 0.0000 5.4828
12.4892 0.0000 7.4436
7.3427 0.0000 4.3762
4.9131 0.0000 2.9282
9.2150 0.0000 5.4922
7.6545 0.0000 4.5621
8.5647 0.0000 5.1045
11.8014 0.0000 7.0336
16.5514 0.0000 9.8646
13.3952 0.0000 7.9835
11.8151 0.0000 7.0418
14.4189 0.0000 8.5937
3.6976 0.0000 2.2038
12.3564 0.0000 7.3644
10.5310 0.0000 6.2765
7.2718 0.0000 4.3340
7.0407 0.0000 4.1962
11.1267 0.0000 6.6315
4.9699 0.0000 2.9621
7.0117 0.0000 4.1790
12.6008 0.0000 7.5101
6.6585 0.0000 3.9685
7.9395 0.0000 4.7319
16.8386 0.0000 10.0358
8.3378 0.0000 4.9694
4.6161 0.0000 2.7512
3.5210 0.0000 2.0985
10.6067 0.0000 6.3216
14.6651 0.0000 8.7404
11.8810 0.0000 7.0811
14.3084 0.0000 8.5278
14.0283 0.0000 8.3609
12.2010 0.0000 7.2718
11.7660 0.0000 7.0125
14.5326 0.0000 8.6614
8.9999 0.0000 5.3640
12.1780 0.0000 7.2581
6.3925 0.0000 3.8099
5.6403 0.0000 3.3616
15.4735 0.0000 9.2222
6.1777 0.0000 3.6819
7.9011 0.0000 4.7091
19.5679 0.0000 11.6625
9.5302 0.0000 5.6800
1.9358 0.0000 1.1537
10.8767 0.0000 6.4825
25.1974 0.0000 15.0177
15.3931 0.0000 9.1743
17.5911 0.0000 10.4843
13.6983 0.0000 8.1642
11.2848 0.0000 6.7258
7.2499 0.0000 4.3210
9.2115 0.0000 5.4900
8.3922 0.0000 5.0018
9.2931 0.0000 5.5387
6.5600 0.0000 3.9098
11.4582 0.0000 6.8291
11.1282 0.0000 6.6324
19.5746 0.0000 11.6665
8.0140 0.0000 4.7764
10.0306 0.0000 5.9782
12.2424 0.0000 7.2965
5.5653 0.0000 3.3169
8.8153 0.0000 5.2539
11.7690 0.0000 7.0143
9.3842 0.0000 5.5930
6.5589 0.0000 3.9091
9.2864 0.0000 5.5347
16.7060 0.0000 9.9568
10.4928 0.0000 6.2537
14.7871 0.0000 8.8131
7.7768 0.0000 4.6350
9.8951 0.0000 5.8975
12.5731 0.0000 7.4936
7.4914 0.0000 4.4649
11.5265 0.0000 6.8698
5.7965 0.0000 3.4547
10.4157 0.0000 6.2078
11.4525 0.0000 6.8257
10.8985 0.0000 6.4955
11.7129 0.0000 6.9809
9.0545 0.0000 5.3965
4.5672 0.0000 2.7220
8.5047 0.0000 5.0688
12.9391 0.0000 7.7117
19.9003 0.0000 11.8606
13.7466 0.0000 8.1930
12.1132 0.0000 7.2195
9.0840 0.0000 5.4141
4.1832 0.0000 2.4932
8.9995 0.0000 5.3637
3.8192 0.0000 2.2762
9.7535 0.0000 5.8131
15.6049 0.0000 9.3005
5.1073 0.0000 3.0439
10.6688 0.0000 6.3586
6.4582 0.0000 3.8491
9.4685 0.0000 5.6432
13.4042 0.0000 7.9889
12.5478 0.0000 7.4785
13.9609 0.0000 8.3207
10.7178 0.0000 6.3878
10.5941 0.0000 6.3141
14.0068 0.0000 8.3481
11.9322 0.0000 7.1116
7.7413 0.0000 4.6138
4.8331 0.0000 2.8805
9.8562 0.0000 5.8743
9.8375 0.0000 5.8631
6.9792 0.0000 4.1596
11.2735 0.0000 6.7190
10.1032 0.0000 6.0215
13.5088 0.0000 8.0512
6.8064 0.0000 4.0566
10.8521 0.0000 6.4679
11.7542 0.0000 7.0055
4.3362 0.0000 2.5844
22.8715 0.0000 13.6314
6.0629 0.0000 3.6135
8.5271 0.0000 5.0821
13.9351 0.0000 8.3053
8.1441 0.0000 4.8539
5.0207 0.0000 2.9923
16.7906 0.0000 10.0072
9.6891 0.0000 5.7747
9.0588 0.0000 5.3991
10.1384 0.0000 6.0425
5.7199 0.0000 3.4091
12.2887 0.0000 7.3241
11.0269 0.0000 6.5720
15.7685 0.0000 9.3980
9.7865 0.0000 5.8328
7.3670 0.0000 4.3907
12.7037 0.0000 7.5714
6.9083 0.0000 4.1173
9.5253 0.0000 5.6771
8.2089 0.0000 4.8925
6.7603 0.0000 4.0292
5.9755 0.0000 3.5614
16.1255 0.0000 9.6108
16.3343 0.0000 9.7352
12.8401 0.0000 7.6527
10.1566 0.0000 6.0533
15.3025 0.0000 9.1203
10.1964 0.0000 6.0770
11.5589 0.0000 6.8891
7.9533 0.0000 4.7402
16.2849 0.0000 9.7058
8.9139 0.0000 5.3127
11.8945 0.0000 7.0891
9.9155 0.0000 5.9096
9.4402 0.0000 5.6264
6.0612 0.0000 3.6125
5.1381 0.0000 3.0623
5.9311 0.0000 3.5349
9.2718 0.0000 5.5260
10.8705 0.0000 6.4788
8.1010 0.0000 4.8282
8.6334 0.0000 5.1455
9.5959 0.0000 5.7192
5.7871 0.0000 3.4491
7.0740 0.0000 4.2161
10.6008 0.0000 6.3180
11.6540 0.0000 6.9458
12.3814 0.0000 7.3793
14.7051 0.0000 8.7642
11.3729 0.0000 6.7783
4.7578 0.0000 2.8357
5.2479 0.0000 3.1277
11.9655 0.0000 7.1314
10.3201 0.0000 6.1508
9.6025 0.0000 5.7231
10.3736 0.0000 6.1827
8.7109 0.0000 5.1917
7.8708 0.0000 4.6910
6.6711 0.0000 3.9760
15.7659 0.0000 9.3965
18.9129 0.0000 11.2721
15.2851 0.0000 9.1099
9.9573 0.0000 5.9345
12.7221 0.0000 7.5824
5.8239 0.0000 3.4710
7.8068 0.0000 4.6529
13.4117 0.0000 7.9934
10.7193 0.0000 6.3887
12.2021 0.0000 7.2725
11.9091 0.0000 7.0978
9.4737 0.0000 5.6464
12.6932 0.0000 7.5652
14.0467 0.0000 8.3718
6.0639 0.0000 3.6141
10.9806 0.0000 6.5444
10.5209 0.0000 6.2705
12.0730 0.0000 7.1955
8.2771 0.0000 4.9332
4.9002 0.0000 2.9205
10.4547 0.0000 6.2310
11.4788 0.0000 6.8414
7.3088 0.0000 4.3560
7.6064 0.0000 4.5334
11.5396 0.0000 6.8776
9.5913 0.0000 5.7164
10.3248 0.0000 6.1536
9.1992 0.0000 5.4827
6.8834 0.0000 4.1025
10.0549 0.0000 5.9927
9.6558 0.0000 5.7549
6.9628 0.0000 4.1498
12.5511 0.0000 7.4804
9.2960 0.0000 5.5404
12.9076 0.0000 7.6929
15.6326 0.0000 9.3170
6.4261 0.0000 3.8300
6.7167 0.0000 4.0031
13.6482 0.0000 8.1344
4.5447 0.0000 2.7086
10.2117 0.0000 6.0862
9.7221 0.0000 5.7944
11.6786 0.0000 6.9604
9.7627 0.0000 5.8186
5.5372 0.0000 3.3002
15.4345 0.0000 9.1990
6.0186 0.0000 3.5871
9.4268 0.0000 5.6184
10.4576 0.0000 6.2328
2.9924 0.0000 1.7834
8.6770 0.0000 5.1715
10.6531 0.0000 6.3492
19.8559 0.0000 11.8341
8.4148 0.0000 5.0152
13.1514 0.0000 7.8382
11.7149 0.0000 6.9821
11.0967 0.0000 6.6136
11.5986 0.0000 6.9128
23.1840 0.0000 13.8177
8.6536 0.0000 5.1575
7.8777 0.0000 4.6951
5.3398 0.0000 3.1825
7.3220 0.0000 4.3639
9.4203 0.0000 5.6145
14.3383 0.0000 8.5457
18.0271 0.0000 10.7441
9.4878 0.0000 5.6547
5.3650 0.0000 3.1975
3.1032 0.0000 1.8495
8.5635 0.0000 5.1038
4.0155 0.0000 2.3932
4.9030 0.0000 2.9222
10.5182 0.0000 6.2688
5.0619 0.0000 3.0169
13.9303 0.0000 8.3024
11.1059 0.0000 6.6191
10.7713 0.0000 6.4197
6.4147 0.0000 3.8231
5.6807 0.0000 3.3857
6.3147 0.0000 3.7635
12.5368 0.0000 7.4719
7.5888 0.0000 4.5229
10.2345 0.0000 6.0998
9.6908 0.0000 5.7757
9.5105 0.0000 5.6683
14.2355 0.0000 8.4844
8.0895 0.0000 4.8213
10.3485 0.0000 6.1677
11.1474 0.0000 6.6438
7.4028 0.0000 4.4121
7.2466 0.0000 4.3190
12.7493 0.0000 7.5986
12.4775 0.0000 7.4366
11.1819 0.0000 6.6644
4.7102 0.0000 2.8073
1.6991 0.0000 1.0126
4.1100 0.0000 2.4496
6.5107 0.0000 3.8804
5.6260 0.0000 3.3531
4.6970 0.0000 2.7994
11.8734 0.0000 7.0765
3.1477 0.0000 1.8760
6.0809 0.0000 3.6242
3.6656 0.0000 2.1847
9.5987 0.0000 5.7208
4.9150 0.0000 2.9293
10.3205 0.0000 6.1510
13.8669 0.0000 8.2647
7.9896 0.0000 4.7618
9.0836 0.0000 5.4138
16.5355 0.0000 9.8551
11.4249 0.0000 6.8092
9.3643 0.0000 5.5812
10.2720 0.0000 6.1221
14.5674 0.0000 8.6822
11.2431 0.0000 6.7009
6.8223 0.0000 4.0661
7.1277 0.0000 4.2481
11.3259 0.0000 6.7502
11.4889 0.0000 6.8474
14.0697 0.0000 8.3855
11.2597 0.0000 6.7108
9.9123 0.0000 5.9077
10.4509 0.0000 6.2287
8.0731 0.0000 4.8116
3.8809 0.0000 2.3130
9.3943 0.0000 5.5990
17.8794 0.0000 10.6561
7.9098 0.0000 4.7142
12.6475 0.0000 7.5379
5.9788 0.0000 3.5634
9.4649 0.0000 5.6411
12.9361 0.0000 7.7099
6.8340 0.0000 4.0731
5.6059 0.0000 3.3411
11.9488 0.0000 7.1215
13.0661 0.0000 7.7874
11.6363 0.0000 6.9352
8.3273 0.0000 4.9631
3.5624 0.0000 2.1232
5.2788 0.0000 3.1461
11.9151 0.0000 7.1014
6.8366 0.0000 4.0746
9.9213 0.0000 5.9131
3.4469 0.0000 2.0544
9.1029 0.0000 5.4254
4.6820 0.0000 2.7905
5.1023 0.0000 3.0410
1.6565 0.0000 0.9873
10.9155 0.0000 6.5057
7.5190 0.0000 4.4813
5.2621 0.0000 3.1362
5.4999 0.0000 3.2779
9.3585 0.0000 5.5777
5.7017 0.0000 3.3982
5.8891 0.0000 3.5099
12.2082 0.0000 7.2761
10.1629 0.0000 6.0571
2.9235 0.0000 1.7424
13.7748 0.0000 8.2098
11.4791 0.0000 6.8415
5.9214 0.0000 3.5292
4.6672 0.0000 2.7817
11.4562 0.0000 6.8279
11.2190 0.0000 6.6865
6.8134 0.0000 4.0608
6.5847 0.0000 3.9245
9.5887 0.0000 5.7148
7.9366 0.0000 4.7302
11.0416 0.0000 6.5808
11.5958 0.0000 6.9111
7.8576 0.0000 4.6831
4.5681 0.0000 2.7226
5.8846 0.0000 3.5072
6.9990 0.0000 4.1714
19.2921 0.0000 11.4981
4.4440 0.0000 2.6486
3.7759 0.0000 2.2505
9.0169 0.0000 5.3741
9.0281 0.0000 5.3807
7.2740 0.0000 4.3353
12.8266 0.0000 7.6447
14.2929 0.0000 8.5186
6.1168 0.0000 3.6456
10.0069 0.0000 5.9641
12.9202 0.0000 7.7005
10.9601 0.0000 6.5322
6.8937 0.0000 4.1087
9.0516 0.0000 5.3947
6.1980 0.0000 3.6940
5.4078 0.0000 3.2230
21.8138 0.0000 13.0010
11.6156 0.0000 6.9229
22.1323 0.0000 13.1908
7.3719 0.0000 4.3937
16.2839 0.0000 9.7052
8.1666 0.0000 4.8673
5.7987 0.0000 3.4561
6.5048 0.0000 3.8768
9.1134 0.0000 5.4316
10.3426 0.0000 6.1642
7.4403 0.0000 4.4344
14.3480 0.0000 8.5514
16.6647 0.0000 9.9322
9.5487 0.0000 5.6910
8.7850 0.0000 5.2359
10.3870 0.0000 6.1907
17.2417 0.0000 10.2760
11.8260 0.0000 7.0483
6.8116 0.0000 4.0597
8.6368 0.0000 5.1475
10.5085 0.0000 6.2631
3.2388 0.0000 1.9303
7.8752 0.0000 4.6936
12.3165 0.0000 7.3406
10.5554 0.0000 6.2910
8.4713 0.0000 5.0489
9.1473 0.0000 5.4518
6.4118 0.0000 3.8214
11.4707 0.0000 6.8365
13.7004 0.0000 8.1654
11.1860 0.0000 6.6669
10.7805 0.0000 6.4251
4.9529 0.0000 2.9519
12.8240 0.0000 7.6431
14.4563 0.0000 8.6160
3.9686 0.0000 2.3653
11.9975 0.0000 7.1505
5.6494 0.0000 3.3670
6.0250 0.0000 3.5909
14.1110 0.0000 8.4102
8.0167 0.0000 4.7779
10.7712 0.0000 6.4197
7.1610 0.0000 4.2680
12.2128 0.0000 7.2788
6.3983 0.0000 3.8134
8.8975 0.0000 5.3029
4.7635 0.0000 2.8391
6.3965 0.0000 3.8123
14.4534 0.0000 8.6143
9.2207 0.0000 5.4955
16.5290 0.0000 9.8513
4.2420 0.0000 2.5282
13.5528 0.0000 8.0775
8.3154 0.0000 4.9560
11.4615 0.0000 6.8310
16.6838 0.0000 9.9435
5.7723 0.0000 3.4403
12.6536 0.0000 7.5416
7.9751 0.0000 4.7532
12.1230 0.0000 7.2253
12.3052 0.0000 7.3339
6.1028 0.0000 3.6373
6.3298 0.0000 3.7726
8.4411 0.0000 5.0309
10.3000 0.0000 6.1388
8.5834 0.0000 5.1157
7.1335 0.0000 4.2516
13.6359 0.0000 8.1270
11.4580 0.0000 6.8289
6.6189 0.0000 3.9449
16.2461 0.0000 9.6827
13.4447 0.0000 8.0130
4.9328 0.0000 2.9400
11.2349 0.0000 6.6960
7.4339 0.0000 4.4306
7.6536 0.0000 4.5616
14.8300 0.0000 8.8387
11.8553 0.0000 7.0658
14.7584 0.0000 8.7960
10.6115 0.0000 6.3245
7.7031 0.0000 4.5910
9.9528 0.0000 5.9318
6.7734 0.0000 4.0369
10.1470 0.0000 6.0476
4.9532 0.0000 2.9521
10.4662 0.0000 6.2379
4.2026 0.0000 2.5048
15.7794 0.0000 9.4045
10.6775 0.0000 6.3638
10.1279 0.0000 6.0362
18.1928 0.0000 10.8429
8.1602 0.0000 4.8635
6.0838 0.0000 3.6260
12.9975 0.0000 7.7465
7.8016 0.0000 4.6497
7.3791 0.0000 4.3979
8.4354 0.0000 5.0275
8.1218 0.0000 4.8406
7.4595 0.0000 4.4459
11.4687 0.0000 6.8354
13.6175 0.0000 8.1160
14.1350 0.0000 8.4245
8.2517 0.0000 4.9180
3.8558 0.0000 2.2981
12.3305 0.0000 7.3490
5.1961 0.0000 3.0969
8.5459 0.0000 5.0933
3.7843 0.0000 2.2555
7.2091 0.0000 4.2966
10.1434 0.0000 6.0455
16.7164 0.0000 9.9630
14.2513 0.0000 8.4938
10.6076 0.0000 6.3222
13.2181 0.0000 7.8780
6.0497 0.0000 3.6056
4.1179 0.0000 2.4542
16.0220 0.0000 9.5491
5.0552 0.0000 3.0129
5.9078 0.0000 3.5211
10.2076 0.0000 6.0838
14.8698 0.0000 8.8624
14.5924 0.0000 8.6971
12.9326 0.0000 7.7078
9.0666 0.0000 5.4037
11.6630 0.0000 6.9512
8.0360 0.0000 4.7894
11.2271 0.0000 6.6913
5.7352 0.0000 3.4182
4.0214 0.0000 2.3967
10.7036 0.0000 6.3793
8.8960 0.0000 5.3020
8.3271 0.0000 4.9630
4.2532 0.0000 2.5349
13.9836 0.0000 8.3342
9.8155 0.0000 5.8500
15.8730 0.0000 9.4603
8.4056 0.0000 5.0097
5.1878 0.0000 3.0919
16.8859 0.0000 10.0640
14.8210 0.0000 8.8333
8.0289 0.0000 4.7852
12.1593 0.0000 7.2470
9.9669 0.0000 5.9403
11.8447 0.0000 7.0595
13.5408 0.0000 8.0703
11.7805 0.0000 7.0212
8.8897 0.0000 5.2983
15.5037 0.0000 9.2402
17.0240 0.0000 10.1463
5.2648 0.0000 3.1378
9.7914 0.0000 5.8357
8.2259 0.0000 4.9026
15.8941 0.0000 9.4729
8.8153 0.0000 5.2539
13.4606 0.0000 8.0225
4.0191 0.0000 2.3954
12.8745 0.0000 7.6732
11.5717 0.0000 6.8968
9.6380 0.0000 5.7442
14.0938 0.0000 8.3999
11.3766 0.0000 6.7805
10.4800 0.0000 6.2461
10.1888 0.0000 6.0725
8.3726 0.0000 4.9901
16.0299 0.0000 9.5538
7.7862 0.0000 4.6406
5.2095 0.0000 3.1048
7.6317 0.0000 4.5485
19.5274 0.0000 11.6383
24.6622 0.0000 14.6987
10.4323 0.0000 6.2177
8.0723 0.0000 4.8111
11.7817 0.0000 7.0219
9.4675 0.0000 5.6426
12.4697 0.0000 7.4319
12.6743 0.0000 7.5539
14.2742 0.0000 8.5074
9.0137 0.0000 5.3722
14.1655 0.0000 8.4426
13.1157 0.0000 7.8170
11.8080 0.0000 7.0376
9.6876 0.0000 5.7738
6.2202 0.0000 3.7072
16.7037 0.0000 9.9554
11.3061 0.0000 6.7384
8.6325 0.0000 5.1450
17.6712 0.0000 10.5320
10.4955 0.0000 6.2553
19.1541 0.0000 11.4158
13.6096 0.0000 8.1113
4.0675 0.0000 2.4242
11.4526 0.0000 6.8258
4.8086 0.0000 2.8659
10.1351 0.0000 6.0405
9.9810 0.0000 5.9487
15.2677 0.0000 9.0996
9.1421 0.0000 5.4487
19.9956 0.0000 11.9174
5.6542 0.0000 3.3699
13.4557 0.0000 8.0196
2.4816 0.0000 1.4790
5.4142 0.0000 3.2269
16.5253 0.0000 9.8491
7.2074 0.0000 4.2956
4.6218 0.0000 2.7546
16.9318 0.0000 10.0913
12.3759 0.0000 7.3760
10.9957 0.0000 6.5534
10.7520 0.0000 6.4082
2.5136 0.0000 1.4981
3.3822 0.0000 2.0158
4.1250 0.0000 2.4585
14.1627 0.0000 8.4409
11.1860 0.0000 6.6668
5.1095 0.0000 3.0452
2.9652 0.0000 1.7672
10.4965 0.0000 6.2559
5.7484 0.0000 3.4261
14.5821 0.0000 8.6909
12.3277 0.0000 7.3473
17.4499 0.0000 10.4002
7.6834 0.0000 4.5793
9.2771 0.0000 5.5291
8.6653 0.0000 5.1645
7.3472 0.0000 4.3789
10.7259 0.0000 6.3927
13.6049 0.0000 8.1085
6.1632 0.0000 3.6732
4.2701 0.0000 2.5450
7.8677 0.0000 4.6891
10.2957 0.0000 6.1363
8.6978 0.0000 5.1839
10.2615 0.0000 6.1158
9.3111 0.0000 5.5494
11.3971 0.0000 6.7927
6.8162 0.0000 4.0625
9.6942 0.0000 5.7777
14.0705 0.0000 8.3860
7.3900 0.0000 4.4045
5.6770 0.0000 3.3835
13.2178 0.0000 7.8778
24.7942 0.0000 14.7773
11.5109 0.0000 6.8605
8.0072 0.0000 4.7723
10.5814 0.0000 6.3065
7.2659 0.0000 4.3305
5.9458 0.0000 3.5437
3.7146 0.0000 2.2139
10.0949 0.0000 6.0166
7.0228 0.0000 4.1856
10.3185 0.0000 6.1498
16.2755 0.0000 9.7002
10.3123 0.0000 6.1461
11.2439 0.0000 6.7014
9.7202 0.0000 5.7932
11.3497 0.0000 6.7644
10.1905 0.0000 6.0735
14.2996 0.0000 8.5226
11.1104 0.0000 6.6218
4.5467 0.0000 2.7098
16.7258 0.0000 9.9686
6.6107 0.0000 3.9400
6.2415 0.0000 3.7199
15.9822 0.0000 9.5254
5.5866 0.0000 3.3296
7.0153 0.0000 4.1811
11.2427 0.0000 6.7006
5.7339 0.0000 3.4174
9.0532 0.0000 5.3957
10.2057 0.0000 6.0826
6.5473 0.0000 3.9022
5.7723 0.0000 3.4403
12.5977 0.0000 7.5082
18.6409 0.0000 11.1100
8.1638 0.0000 4.8656
10.1215 0.0000 6.0324
6.4956 0.0000 3.8714
9.4480 0.0000 5.6310
5.6222 0.0000 3.3508
12.7637 0.0000 7.6072
11.6834 0.0000 6.9633
20.5640 0.0000 12.2561
18.2320 0.0000 10.8663
15.0810 0.0000 8.9883
8.5770 0.0000 5.1119
14.0186 0.0000 8.3551
7.6392 0.0000 4.5530
11.3432 0.0000 6.7606
8.6643 0.0000 5.1639
14.5723 0.0000 8.6851
15.3940 0.0000 9.1748
11.5850 0.0000 6.9047
9.6020 0.0000 5.7228
6.7972 0.0000 4.0511
7.8475 0.0000 4.6771
14.3331 0.0000 8.5425
8.5976 0.0000 5.1242
8.7266 0.0000 5.2011
6.3147 0.0000 3.7635
10.0438 0.0000 5.9861
12.0229 0.0000 7.1656
4.5499 0.0000 2.7117
11.3391 0.0000 6.7581
9.1710 0.0000 5.4659
11.2822 0.0000 6.7242
6.1425 0.0000 3.6609
18.5615 0.0000 11.0627
15.1067 0.0000 9.0036
7.9384 0.0000 4.7313
12.9437 0.0000 7.7144
7.2823 0.0000 4.3403
10.8614 0.0000 6.4734
6.9863 0.0000 4.1638
17.5549 0.0000 10.4627
1.9567 0.0000 1.1662
14.3883 0.0000 8.5755
8.8278 0.0000 5.2614
11.9762 0.0000 7.1378
8.4371 0.0000 5.0285
3.1630 0.0000 1.8851
14.9978 0.0000 8.9387
14.2860 0.0000 8.5144
9.7234 0.0000 5.7952
7.7667 0.0000 4.6289
13.3149 0.0000 7.9357
18.4734 0.0000 11.0101
11.7854 0.0000 7.0241
11.9267 0.0000 7.1083
13.1015 0.0000 7.8085
11.5903 0.0000 6.9078
6.1735 0.0000 3.6794
11.5152 0.0000 6.8631
12.8698 0.0000 7.6704
8.1280 0.0000 4.8443
10.0208 0.0000 5.9724
12.9040 0.0000 7.6908
11.3313 0.0000 6.7535
10.4160 0.0000 6.2079
12.0307 0.0000 7.1703
14.9651 0.0000 8.9192
10.9781 0.0000 6.5429
6.8534 0.0000 4.0846
7.8954 0.0000 4.7056
9.8877 0.0000 5.8930
7.4755 0.0000 4.4554
6.9815 0.0000 4.1610
14.8529 0.0000 8.8523
7.0592 0.0000 4.2073
12.2275 0.0000 7.2876
9.0915 0.0000 5.4185
8.8535 0.0000 5.2767
6.8645 0.0000 4.0913
10.7185 0.0000 6.3882
10.1478 0.0000 6.0481
6.2674 0.0000 3.7353
1.1025 0.0000 0.6571
11.4787 0.0000 6.8413
9.5227 0.0000 5.6755
7.1409 0.0000 4.2560
12.5776 0.0000 7.4962
7.4424 0.0000 4.4357
14.1377 0.0000 8.4260
8.5512 0.0000 5.0965
8.8941 0.0000 5.3009
7.9440 0.0000 4.7347
14.6703 0.0000 8.7435
13.8976 0.0000 8.2830
5.7797 0.0000 3.4447
7.4420 0.0000 4.4355
6.6630 0.0000 3.9712
5.5943 0.0000 3.3342
9.4500 0.0000 5.6322
10.0976 0.0000 6.0182
7.4136 0.0000 4.4185
10.7475 0.0000 6.4055
13.8815 0.0000 8.2734
6.7585 0.0000 4.0281
11.7153 0.0000 6.9823
5.7253 0.0000 3.4123
9.1535 0.0000 5.4555
11.7250 0.0000 6.9881
7.0218 0.0000 4.1850
14.3163 0.0000 8.5325
10.1789 0.0000 6.0666
8.3370 0.0000 4.9689
3.0803 0.0000 1.8359
9.5566 0.0000 5.6958
16.1312 0.0000 9.6142
11.5872 0.0000 6.9060
8.5004 0.0000 5.0662
3.8266 0.0000 2.2807
17.7987 0.0000 10.6080
9.8417 0.0000 5.8656
11.8430 0.0000 7.0584
9.6749 0.0000 5.7662
6.5403 0.0000 3.8980
9.2288 0.0000 5.5004
9.8502 0.0000 5.8707
8.9363 0.0000 5.3261
12.8088 0.0000 7.6341
5.6761 0.0000 3.3829
8.7689 0.0000 5.2262
8.0056 0.0000 4.7713
6.3263 0.0000 3.7705
6.5612 0.0000 3.9105
6.7468 0.0000 4.0211
8.4663 0.0000 5.0459
6.7723 0.0000 4.0363
8.3651 0.0000 4.9856
9.3998 0.0000 5.6023
9.7093 0.0000 5.7867
10.1020 0.0000 6.0208
16.3854 0.0000 9.7657
10.2997 0.0000 6.1386
6.0055 0.0000 3.5793
7.5335 0.0000 4.4900
4.5447 0.0000 2.7086
10.0207 0.0000 5.9723
6.8254 0.0000 4.0680
12.0853 0.0000 7.2028
13.0810 0.0000 7.7963
10.3000 0.0000 6.1388
12.8539 0.0000 7.6609
11.3229 0.0000 6.7485
11.6530 0.0000 6.9452
10.8862 0.0000 6.4882
9.0227 0.0000 5.3775
2.9530 0.0000 1.7600
5.2687 0.0000 3.1401
12.4297 0.0000 7.4081
5.5846 0.0000 3.3284
9.7848 0.0000 5.8317
7.4196 0.0000 4.4221
9.7935 0.0000 5.8369
5.4782 0.0000 3.2650
9.6884 0.0000 5.7743
11.6377 0.0000 6.9361
16.0295 0.0000 9.5536
9.0658 0.0000 5.4032
11.9571 0.0000 7.1264
8.0062 0.0000 4.7717
8.2255 0.0000 4.9024
3.1624 0.0000 1.8848
10.8487 0.0000 6.4658
7.7680 0.0000 4.6297
14.5700 0.0000 8.6837
7.8535 0.0000 4.6807
5.4423 0.0000 3.2436
13.3930 0.0000 7.9822
9.6195 0.0000 5.7332
3.3474 0.0000 1.9951
11.3406 0.0000 6.7590
5.2364 0.0000 3.1209
10.1236 0.0000 6.0337
5.4061 0.0000 3.2220
4.1206 0.0000 2.4559
5.5061 0.0000 3.2817
7.1139 0.0000 4.2399
4.7847 0.0000 2.8517
11.9194 0.0000 7.1040
15.0970 0.0000 8.9978
7.8788 0.0000 4.6958
14.5594 0.0000 8.6774
8.1902 0.0000 4.8814
13.5618 0.0000 8.0828
7.3383 0.0000 4.3736
11.7661 0.0000 7.0126
4.5464 0.0000 2.7097
10.3789 0.0000 6.1858
18.1718 0.0000 10.8304
20.0380 0.0000 11.9427
9.5578 0.0000 5.6965
10.7515 0.0000 6.4079
9.1995 0.0000 5.4829
15.9890 0.0000 9.5295
4.4923 0.0000 2.6774
10.9732 0.0000 6.5400
7.3417 0.0000 4.3756
12.6177 0.0000 7.5202
16.1523 0.0000 9.6267
11.3498 0.0000 6.7645
8.5081 0.0000 5.0708
10.5892 0.0000 6.3112
7.3755 0.0000 4.3958
18.6322 0.0000 11.1048
4.7800 0.0000 2.8489
16.8415 0.0000 10.0375
6.9358 0.0000 4.1337
11.2684 0.0000 6.7160
15.8133 0.0000 9.4247
10.6781 0.0000 6.3642
14.6363 0.0000 8.7232
10.5412 0.0000 6.2826
11.3002 0.0000 6.7349
6.3969 0.0000 3.8126
4.8357 0.0000 2.8821
15.0775 0.0000 8.9862
9.2580 0.0000 5.5177
3.9816 0.0000 2.3730
12.3129 0.0000 7.3385
13.1985 0.0000 7.8663
19.3301 0.0000 11.5208
16.3113 0.0000 9.7215
10.1982 0.0000 6.0781
7.5066 0.0000 4.4740
11.8637 0.0000 7.0708
6.4312 0.0000 3.8330
8.0181 0.0000 4.7788
8.6391 0.0000 5.1489
11.5332 0.0000 6.8738
13.1718 0.0000 7.8504
6.5485 0.0000 3.9029
13.4211 0.0000 7.9990
7.7998 0.0000 4.6487
7.7940 0.0000 4.6452
10.8727 0.0000 6.4801
6.0368 0.0000 3.5979
9.2651 0.0000 5.5220
7.4899 0.0000 4.4640
10.2966 0.0000 6.1368
2.5912 0.0000 1.5443
16.4534 0.0000 9.8063
8.3910 0.0000 5.0010
4.8852 0.0000 2.9116
13.3795 0.0000 7.9742
6.4201 0.0000 3.8264
7.9327 0.0000 4.7279
10.2203 0.0000 6.0913
3.7339 0.0000 2.2254
17.7633 0.0000 10.5869
9.3929 0.0000 5.5982
9.0933 0.0000 5.4196
16.1211 0.0000 9.6082
7.0104 0.0000 4.1782
13.0161 0.0000 7.7576
15.0992 0.0000 8.9991
6.9397 0.0000 4.1360
3.9081 0.0000 2.3292
13.3603 0.0000 7.9627
8.3728 0.0000 4.9902
11.3819 0.0000 6.7836
9.2287 0.0000 5.5003
10.2410 0.0000 6.1036
17.1368 0.0000 10.2135
6.7529 0.0000 4.0247
13.3751 0.0000 7.9716
12.8297 0.0000 7.6465
18.6273 0.0000 11.1018
14.6449 0.0000 8.7284
14.4436 0.0000 8.6084
11.3410 0.0000 6.7592
9.7815 0.0000 5.8298
8.8025 0.0000 5.2463
10.3341 0.0000 6.1591
10.1488 0.0000 6.0487
12.8961 0.0000 7.6861
7.7116 0.0000 4.5961
11.0910 0.0000 6.6103
11.2713 0.0000 6.7177
17.0464 0.0000 10.1596
8.9918 0.0000 5.3591
15.5795 0.0000 9.2854
14.7928 0.0000 8.8165
6.9018 0.0000 4.1135
10.8480 0.0000 6.4654
14.0073 0.0000 8.3483
11.7066 0.0000 6.9771
9.8145 0.0000 5.8494
14.9860 0.0000 8.9317
11.2965 0.0000 6.7327
14.9821 0.0000 8.9293
10.8079 0.0000 6.4415
11.6713 0.0000 6.9561
14.5917 0.0000 8.6967
19.1863 0.0000 11.4350
21.0997 0.0000 12.5754
17.2832 0.0000 10.3008
11.2967 0.0000 6.7328
14.3828 0.0000 8.5722
7.6074 0.0000 4.5340
13.2320 0.0000 7.8863
8.1058 0.0000 4.8311
12.1851 0.0000 7.2623
8.6627 0.0000 5.1630
6.4662 0.0000 3.8539
13.3962 0.0000 7.9841
10.3922 0.0000 6.1938
11.9102 0.0000 7.0985
6.7631 0.0000 4.0308
14.8310 0.0000 8.8393
17.5219 0.0000 10.4431
9.5179 0.0000 5.6727
12.7400 0.0000 7.5931
10.7103 0.0000 6.3833
10.6476 0.0000 6.3460
3.1155 0.0000 1.8568
4.6098 0.0000 2.7475
5.0837 0.0000 3.0299
5.7743 0.0000 3.4415
6.6558 0.0000 3.9669
4.9207 0.0000 2.9327
8.3103 0.0000 4.9530
6.4695 0.0000 3.8558
10.1149 0.0000 6.0285
9.3669 0.0000 5.5826
8.5623 0.0000 5.1031
7.3833 0.0000 4.4004
11.8852 0.0000 7.0836
8.4479 0.0000 5.0349
6.6170 0.0000 3.9437
11.2738 0.0000 6.7192
6.6094 0.0000 3.9392
12.3287 0.0000 7.3479
11.6423 0.0000 6.9388
13.6774 0.0000 8.1517
9.8828 0.0000 5.8902
16.2379 0.0000 9.6778
8.5846 0.0000 5.1164
11.4009 0.0000 6.7949
8.1902 0.0000 4.8813
6.2001 0.0000 3.6953
13.7964 0.0000 8.2227
9.6368 0.0000 5.7435
12.5005 0.0000 7.4503
6.2774 0.0000 3.7413
3.4930 0.0000 2.0818
9.9266 0.0000 5.9163
7.8984 0.0000 4.7075
8.9027 0.0000 5.3060
13.9834 0.0000 8.3341
8.6479 0.0000 5.1542
1.4797 0.0000 0.8819
20.6833 0.0000 12.3273
12.7983 0.0000 7.6278
12.1942 0.0000 7.2678
16.8168 0.0000 10.0228
7.0612 0.0000 4.2085
12.8953 0.0000 7.6856
12.3361 0.0000 7.3523
8.4694 0.0000 5.0478
3.3374 0.0000 1.9891
6.3024 0.0000 3.7562
6.2232 0.0000 3.7090
6.7767 0.0000 4.0389
18.4497 0.0000 10.9960
5.5461 0.0000 3.3055
7.2700 0.0000 4.3329
12.2821 0.0000 7.3201
15.3338 0.0000 9.1390
9.1188 0.0000 5.4348
12.2355 0.0000 7.2924
18.4225 0.0000 10.9798
14.5923 0.0000 8.6970
14.0817 0.0000 8.3927
14.1139 0.0000 8.4119
16.6132 0.0000 9.9015
8.2045 0.0000 4.8899
7.7165 0.0000 4.5991
8.5648 0.0000 5.1046
10.7480 0.0000 6.4058
7.9228 0.0000 4.7220
15.5699 0.0000 9.2797
5.2196 0.0000 3.1109
9.6629 0.0000 5.7591
9.5318 0.0000 5.6809
12.0707 0.0000 7.1942
6.1119 0.0000 3.6427
13.9016 0.0000 8.2853
10.6188 0.0000 6.3288
6.0580 0.0000 3.6105
7.5420 0.0000 4.4950
5.3819 0.0000 3.2076
7.1891 0.0000 4.2847
9.7984 0.0000 5.8399
9.7060 0.0000 5.7848
14.2262 0.0000 8.4788
11.2276 0.0000 6.6917
13.5084 0.0000 8.0510
14.0441 0.0000 8.3703
8.3451 0.0000 4.9737
9.6988 0.0000 5.7805
4.4993 0.0000 2.6816
16.7758 0.0000 9.9984
6.5568 0.0000 3.9079
7.8491 0.0000 4.6781
12.6331 0.0000 7.5293
8.1090 0.0000 4.8329
19.2199 0.0000 11.4551
11.9471 0.0000 7.1205
18.6455 0.0000 11.1127
10.1119 0.0000 6.0267
8.7857 0.0000 5.2363
11.5984 0.0000 6.9126
3.0873 0.0000 1.8401
22.7908 0.0000 13.5833
6.9722 0.0000 4.1554
12.0193 0.0000 7.1635
12.4419 0.0000 7.4154
12.8088 0.0000 7.6340
12.6707 0.0000 7.5517
7.2802 0.0000 4.3390
18.4650 0.0000 11.0051
3.9305 0.0000 2.3426
14.5336 0.0000 8.6620
4.7462 0.0000 2.8287
15.4901 0.0000 9.2321
8.3605 0.0000 4.9829
4.6374 0.0000 2.7639
8.8881 0.0000 5.2973
7.0052 0.0000 4.1751
14.6814 0.0000 8.7501
10.6088 0.0000 6.3229
7.3593 0.0000 4.3861
7.7567 0.0000 4.6230
2.7894 0.0000 1.6625
16.0226 0.0000 9.5495
14.7205 0.0000 8.7734
6.4309 0.0000 3.8328
13.1090 0.0000 7.8129
11.6842 0.0000 6.9638
9.7137 0.0000 5.7894
14.3040 0.0000 8.5252
9.5235 0.0000 5.6760
3.8878 0.0000 2.3171
14.1921 0.0000 8.4585
13.5722 0.0000 8.0890
18.6545 0.0000 11.1181
5.9588 0.0000 3.5514
10.5607 0.0000 6.2942
7.9412 0.0000 4.7329
10.3768 0.0000 6.1845
10.3115 0.0000 6.1457
9.4770 0.0000 5.6483
25.7428 0.0000 15.3427
7.7611 0.0000 4.6256
10.7565 0.0000 6.4109
11.4126 0.0000 6.8019
4.3613 0.0000 2.5993
8.6474 0.0000 5.1539
9.0337 0.0000 5.3841
17.4233 0.0000 10.3843
7.8084 0.0000 4.6538
5.2999 0.0000 3.1588
9.0117 0.0000 5.3710
8.0852 0.0000 4.8188
13.1350 0.0000 7.8284
9.0411 0.0000 5.3885
9.4615 0.0000 5.6391
12.4925 0.0000 7.4455
13.9479 0.0000 8.3130
12.9686 0.0000 7.7293
5.3998 0.0000 3.2183
7.6496 0.0000 4.5592
11.4826 0.0000 6.8436
12.1224 0.0000 7.2249
7.3377 0.0000 4.3733
11.1841 0.0000 6.6657
13.4204 0.0000 7.9986
4.4831 0.0000 2.6719
8.9473 0.0000 5.3326
5.6663 0.0000 3.3771
13.5356 0.0000 8.0672
9.8263 0.0000 5.8565
6.0432 0.0000 3.6017
8.7998 0.0000 5.2447
7.9204 0.0000 4.7206
10.1424 0.0000 6.0449
11.1189 0.0000 6.6269
8.8707 0.0000 5.2869
3.7224 0.0000 2.2186
4.9005 0.0000 2.9207
7.1344 0.0000 4.2521
9.3819 0.0000 5.5916
14.1056 0.0000 8.4069
4.9571 0.0000 2.9545
7.5343 0.0000 4.4905
7.4970 0.0000 4.4682
2.8697 0.0000 1.7104
10.5974 0.0000 6.3161
12.2022 0.0000 7.2725
9.4400 0.0000 5.6263
10.6987 0.0000 6.3764
9.2847 0.0000 5.5337
8.6601 0.0000 5.1614
10.2362 0.0000 6.1008
7.7097 0.0000 4.5950
2.7194 0.0000 1.6208
4.9097 0.0000 2.9262
12.1566 0.0000 7.2453
13.0813 0.0000 7.7965
17.1897 0.0000 10.2451
7.9650 0.0000 4.7472
9.9738 0.0000 5.9444
14.4799 0.0000 8.6300
10.1396 0.0000 6.0432
10.3825 0.0000 6.1880
5.8206 0.0000 3.4690
7.6771 0.0000 4.5756
9.7421 0.0000 5.8063
13.6502 0.0000 8.1355
10.2509 0.0000 6.1096
5.8602 0.0000 3.4927
12.4747 0.0000 7.4349
6.2317 0.0000 3.7141
3.7223 0.0000 2.2185
10.0485 0.0000 5.9889
4.4512 0.0000 2.6529
7.7678 0.0000 4.6296
4.4409 0.0000 2.6468
7.6252 0.0000 4.5446
8.6547 0.0000 5.1582
11.9401 0.0000 7.1163
9.1992 0.0000 5.4827
20.3563 0.0000 12.1324
7.3849 0.0000 4.4014
8.3071 0.0000 4.9510
13.0136 0.0000 7.7561
8.5924 0.0000 5.1211
11.0201 0.0000 6.5680
13.6063 0.0000 8.1093
6.7107 0.0000 3.9996
20.8129 0.0000 12.4045
3.9773 0.0000 2.3705
2.7032 0.0000 1.6111
9.4912 0.0000 5.6568
9.6400 0.0000 5.7454
10.9252 0.0000 6.5114
10.8320 0.0000 6.4559
4.1106 0.0000 2.4499
6.2904 0.0000 3.7491
7.6420 0.0000 4.5546
12.0350 0.0000 7.1729
10.7513 0.0000 6.4078
14.2181 0.0000 8.4740
10.7188 0.0000 6.3884
9.5207 0.0000 5.6743
16.2681 0.0000 9.6958
10.2204 0.0000 6.0914
14.4514 0.0000 8.6130
10.3346 0.0000 6.1594
16.4859 0.0000 9.8256
14.1944 0.0000 8.4599
11.7496 0.0000 7.0028
3.5696 0.0000 2.1275
11.1977 0.0000 6.6739
8.7303 0.0000 5.2033
6.9024 0.0000 4.1138
8.2552 0.0000 4.9201
5.5193 0.0000 3.2895
11.6340 0.0000 6.9339
12.8433 0.0000 7.6546
14.6052 0.0000 8.7047
6.9765 0.0000 4.1580
8.9803 0.0000 5.3522
5.9019 0.0000 3.5175
11.8240 0.0000 7.0471
8.6183 0.0000 5.1365
12.6081 0.0000 7.5144
7.8156 0.0000 4.6581
7.0011 0.0000 4.1727
8.9931 0.0000 5.3599
9.6879 0.0000 5.7740
4.6662 0.0000 2.7811
9.0791 0.0000 5.4111
8.4877 0.0000 5.0587
11.6398 0.0000 6.9373
6.6089 0.0000 3.9389
3.8312 0.0000 2.2834
3.5614 0.0000 2.1226
7.3683 0.0000 4.3915
8.9269 0.0000 5.3204
13.5497 0.0000 8.0756
19.7158 0.0000 11.7506
9.3150 0.0000 5.5518
2.8271 0.0000 1.6849
13.6802 0.0000 8.1534
12.2403 0.0000 7.2952
13.3568 0.0000 7.9606
14.2119 0.0000 8.4703
8.6412 0.0000 5.1502
7.1713 0.0000 4.2741
13.9110 0.0000 8.2910
18.2859 0.0000 10.8984
5.8331 0.0000 3.4765
8.1808 0.0000 4.8758
9.4170 0.0000 5.6125
7.9222 0.0000 4.7216
12.6213 0.0000 7.5223
4.6319 0.0000 2.7606
7.8127 0.0000 4.6564
10.2186 0.0000 6.0903
5.6696 0.0000 3.3791
6.3947 0.0000 3.8113
5.4570 0.0000 3.2524
8.9010 0.0000 5.3050
8.7855 0.0000 5.2362
17.7465 0.0000 10.5769
7.3758 0.0000 4.3960
11.1805 0.0000 6.6636
6.0655 0.0000 3.6150
10.7884 0.0000 6.4299
5.6583 0.0000 3.3723
14.5042 0.0000 8.6445
11.8697 0.0000 7.0744
9.4799 0.0000 5.6500
10.9071 0.0000 6.5006
8.1511 0.0000 4.8581
10.6644 0.0000 6.3560
8.7349 0.0000 5.2060
11.7814 0.0000 7.0217
14.3675 0.0000 8.5630
14.0436 0.0000 8.3700
3.6825 0.0000 2.1948
7.8649 0.0000 4.6875
14.4499 0.0000 8.6121
11.6114 0.0000 6.9204
10.0321 0.0000 5.9791
7.2949 0.0000 4.3477
13.2564 0.0000 7.9008
21.1655 0.0000 12.6146
7.4513 0.0000 4.4410
7.0566 0.0000 4.2057
5.3963 0.0000 3.2162
5.6385 0.0000 3.3605
8.7089 0.0000 5.1905
7.1173 0.0000 4.2419
8.4254 0.0000 5.0216
7.2408 0.0000 4.3155
10.5278 0.0000 6.2746
6.2871 0.0000 3.7471
11.8416 0.0000 7.0576
14.4723 0.0000 8.6255
11.1648 0.0000 6.6542
2.2115 0.0000 1.3180
15.8569 0.0000 9.4507
10.0700 0.0000 6.0017
13.8678 0.0000 8.2652
12.1011 0.0000 7.2122
16.8175 0.0000 10.0233
11.5991 0.0000 6.9131
11.8641 0.0000 7.0710
10.5393 0.0000 6.2814
12.2360 0.0000 7.2927
7.2645 0.0000 4.3296
10.9525 0.0000 6.5277
9.4282 0.0000 5.6192
5.1368 0.0000 3.0615
15.1104 0.0000 9.0058
7.6458 0.0000 4.5569
7.4971 0.0000 4.4683
15.8523 0.0000 9.4480
11.4799 0.0000 6.8420
3.1235 0.0000 1.8616
7.1875 0.0000 4.2838
8.5002 0.0000 5.0661
9.7799 0.0000 5.8288
7.2235 0.0000 4.3052
8.4950 0.0000 5.0630
5.9775 0.0000 3.5626
6.9894 0.0000 4.1657
9.3353 0.0000 5.5638
14.1058 0.0000 8.4070
9.9606 0.0000 5.9365
5.8388 0.0000 3.4799
6.3063 0.0000 3.7586
10.8747 0.0000 6.4813
4.3534 0.0000 2.5946
10.0469 0.0000 5.9880
10.6400 0.0000 6.3414
9.0204 0.0000 5.3762
8.7642 0.0000 5.2235
10.4784 0.0000 6.2451
8.1076 0.0000 4.8321
4.3718 0.0000 2.6056
8.6935 0.0000 5.1813
7.6432 0.0000 4.5554
8.6921 0.0000 5.1805
6.0006 0.0000 3.5764
14.2993 0.0000 8.5224
5.5684 0.0000 3.3187
13.5996 0.0000 8.1054
17.6988 0.0000 10.5485
12.7050 0.0000 7.5722
13.5372 0.0000 8.0682
8.5833 0.0000 5.1156
4.8228 0.0000 2.8744
7.8707 0.0000 4.6910
6.3141 0.0000 3.7632
7.6391 0.0000 4.5529
11.0171 0.0000 6.5662
6.2670 0.0000 3.7351
10.5044 0.0000 6.2606
9.6370 0.0000 5.7436
8.1893 0.0000 4.8808
6.3685 0.0000 3.7956
9.3474 0.0000 5.5711
11.5853 0.0000 6.9048
13.1232 0.0000 7.8214
21.8567 0.0000 13.0266
6.1625 0.0000 3.6729
8.9489 0.0000 5.3336
6.3593 0.0000 3.7901
11.8370 0.0000 7.0548
8.9326 0.0000 5.3239
4.7955 0.0000 2.8581
8.3084 0.0000 4.9518
11.0365 0.0000 6.5777
9.1118 0.0000 5.4307
3.2353 0.0000 1.9282
12.4608 0.0000 7.4266
7.6108 0.0000 4.5361
8.5662 0.0000 5.1054
6.5860 0.0000 3.9253
8.0421 0.0000 4.7931
12.6827 0.0000 7.5589
13.4342 0.0000 8.0068
8.3146 0.0000 4.9555
7.5001 0.0000 4.4701
19.1077 0.0000 11.3882
5.8133 0.0000 3.4647
5.2549 0.0000 3.1319
3.3822 0.0000 2.0158
5.8939 0.0000 3.5128
10.6557 0.0000 6.3508
14.7942 0.0000 8.8174
10.2485 0.0000 6.1081
8.1800 0.0000 4.8753
11.3299 0.0000 6.7526
14.9125 0.0000 8.8879
8.9698 0.0000 5.3460
9.7679 0.0000 5.8217
16.5896 0.0000 9.8874
10.8714 0.0000 6.4794
9.1001 0.0000 5.4237
10.9812 0.0000 6.5448
5.4155 0.0000 3.2276
10.4654 0.0000 6.2374
9.1495 0.0000 5.4531
6.7866 0.0000 4.0448
6.1210 0.0000 3.6481
11.2846 0.0000 6.7256
17.5520 0.0000 10.4610
11.0965 0.0000 6.6135
11.4152 0.0000 6.8034
12.5308 0.0000 7.4683
8.1020 0.0000 4.8288
10.0396 0.0000 5.9836
9.2369 0.0000 5.5052
5.7976 0.0000 3.4554
12.4197 0.0000 7.4021
8.3524 0.0000 4.9780
16.2774 0.0000 9.7013
7.1240 0.0000 4.2459
7.0389 0.0000 4.1952
8.5392 0.0000 5.0894
14.8286 0.0000 8.8378
9.6109 0.0000 5.7281
10.2919 0.0000 6.1340
8.6536 0.0000 5.1576
12.1090 0.0000 7.2170
3.6712 0.0000 2.1880
13.5931 0.0000 8.1015
10.3812 0.0000 6.1872
11.7147 0.0000 6.9820
3.5299 0.0000 2.1038
7.2480 0.0000 4.3198
13.0568 0.0000 7.7819
10.7952 0.0000 6.4340
8.0455 0.0000 4.7951
5.4620 0.0000 3.2554
14.3974 0.0000 8.5808
10.7614 0.0000 6.4138
3.6943 0.0000 2.2018
7.6023 0.0000 4.5309
10.4964 0.0000 6.2559
9.3416 0.0000 5.5676
13.0299 0.0000 7.7658
10.6104 0.0000 6.3238
16.2704 0.0000 9.6972
10.1033 0.0000 6.0216
7.1605 0.0000 4.2677
14.1042 0.0000 8.4061
12.1865 0.0000 7.2631
8.6011 0.0000 5.1263
6.7022 0.0000 3.9945
15.5967 0.0000 9.2957
5.4771 0.0000 3.2644
12.4112 0.0000 7.3971
11.6242 0.0000 6.9280
5.8551 0.0000 3.4897
19.3978 0.0000 11.5611
8.3246 0.0000 4.9614
9.0892 0.0000 5.4172
12.9917 0.0000 7.7430
14.7799 0.0000 8.8088
8.9654 0.0000 5.3434
11.9357 0.0000 7.1137
5.7624 0.0000 3.4344
6.6341 0.0000 3.9539
6.5735 0.0000 3.9178
5.8880 0.0000 3.5093
5.8521 0.0000 3.4878
9.6763 0.0000 5.7671
7.9385 0.0000 4.7313
7.1713 0.0000 4.2741
15.8499 0.0000 9.4465
11.5840 0.0000 6.9041
16.1346 0.0000 9.6162
15.0796 0.0000 8.9874
4.4303 0.0000 2.6405
8.8136 0.0000 5.2529
10.1678 0.0000 6.0600
6.6524 0.0000 3.9648
6.6539 0.0000 3.9657
4.9004 0.0000 2.9206
14.8034 0.0000 8.8228
12.5446 0.0000 7.4766
15.1760 0.0000 9.0449
5.4409 0.0000 3.2428
6.9616 0.0000 4.1491
5.2398 0.0000 3.1229
11.4768 0.0000 6.8401
5.1729 0.0000 3.0831
7.0512 0.0000 4.2025
15.9915 0.0000 9.5309
2.6577 0.0000 1.5840
5.5937 0.0000 3.3339
6.3451 0.0000 3.7817
9.4462 0.0000 5.6299
7.6590 0.0000 4.5648
8.8628 0.0000 5.2822
10.4923 0.0000 6.2534
7.2238 0.0000 4.3054
12.3185 0.0000 7.3418
5.3833 0.0000 3.2085
6.9757 0.0000 4.1575
3.1003 0.0000 1.8478
7.7183 0.0000 4.6001
7.9717 0.0000 4.7511
11.2897 0.0000 6.7287
8.2145 0.0000 4.8958
11.9686 0.0000 7.1333
9.4449 0.0000 5.6291
6.7527 0.0000 4.0246
17.0322 0.0000 10.1512
9.0682 0.0000 5.4046
7.4576 0.0000 4.4447
16.9348 0.0000 10.0931
7.4099 0.0000 4.4163
9.0864 0.0000 5.4155
15.0663 0.0000 8.9795
13.7316 0.0000 8.1840
6.3077 0.0000 3.7594
6.4595 0.0000 3.8499
7.2578 0.0000 4.3257
9.4259 0.0000 5.6178
6.1010 0.0000 3.6362
8.5612 0.0000 5.1025
6.9401 0.0000 4.1363
4.2777 0.0000 2.5495
8.4601 0.0000 5.0422
7.8318 0.0000 4.6678
13.2983 0.0000 7.9258
9.3795 0.0000 5.5902
5.8065 0.0000 3.4607
16.7081 0.0000 9.9580
9.1731 0.0000 5.4672
5.5773 0.0000 3.3241
11.4544 0.0000 6.8268
10.9173 0.0000 6.5067
10.2334 0.0000 6.0991
15.7234 0.0000 9.3711
5.1852 0.0000 3.0904
2.0275 0.0000 1.2084
9.2969 0.0000 5.5410
14.2865 0.0000 8.5148
7.3982 0.0000 4.4094
16.1169 0.0000 9.6057
9.4249 0.0000 5.6172
10.4809 0.0000 6.2466
7.4247 0.0000 4.4251
13.7987 0.0000 8.2241
9.8739 0.0000 5.8849
8.8050 0.0000 5.2478
4.1443 0.0000 2.4700
11.5344 0.0000 6.8745
13.6577 0.0000 8.1400
8.0142 0.0000 4.7765
11.4821 0.0000 6.8433
22.3483 0.0000 13.3196
9.6149 0.0000 5.7305
13.7563 0.0000 8.1987
6.0566 0.0000 3.6097
9.7874 0.0000 5.8333
2.9277 0.0000 1.7449
2.6213 0.0000 1.5623
7.8740 0.0000 4.6929
11.7635 0.0000 7.0110
4.3303 0.0000 2.5809
11.6374 0.0000 6.9359
3.5376 0.0000 2.1084
5.9686 0.0000 3.5573
5.4684 0.0000 3.2592
11.4806 0.0000 6.8424
13.4189 0.0000 7.9976
7.1044 0.0000 4.2342
6.9693 0.0000 4.1537
9.0363 0.0000 5.3856
7.0667 0.0000 4.2117
19.1063 0.0000 11.3874
9.2516 0.0000 5.5139
2.8796 0.0000 1.7162
11.6979 0.0000 6.9720
11.2988 0.0000 6.7341
8.0037 0.0000 4.7702
7.5543 0.0000 4.5023
5.7130 0.0000 3.4050
10.2694 0.0000 6.1206
9.7610 0.0000 5.8175
7.5356 0.0000 4.4912
10.5596 0.0000 6.2935
11.6821 0.0000 6.9625
10.5121 0.0000 6.2652
14.0228 0.0000 8.3576
7.5165 0.0000 4.4798
7.1217 0.0000 4.2445
7.2895 0.0000 4.3445
10.6550 0.0000 6.3504
8.5557 0.0000 5.0992
11.0622 0.0000 6.5931
10.8742 0.0000 6.4811
9.0374 0.0000 5.3863
11.0372 0.0000 6.5782
8.0533 0.0000 4.7998
11.9191 0.0000 7.1038
10.4459 0.0000 6.2258
8.3207 0.0000 4.9591
4.7059 0.0000 2.8047
13.0329 0.0000 7.7676
8.0494 0.0000 4.7975
10.2138 0.0000 6.0875
12.2844 0.0000 7.3215
9.1350 0.0000 5.4444
13.3633 0.0000 7.9645
6.8057 0.0000 4.0562
5.1657 0.0000 3.0787
4.7566 0.0000 2.8350
13.8816 0.0000 8.2734
10.6413 0.0000 6.3422
4.7987 0.0000 2.8601
12.5146 0.0000 7.4587
6.1192 0.0000 3.6470
16.7404 0.0000 9.9773
13.7411 0.0000 8.1897
7.2422 0.0000 4.3164
12.3106 0.0000 7.3371
6.5261 0.0000 3.8896
12.8577 0.0000 7.6632
6.3243 0.0000 3.7693
4.8628 0.0000 2.8983
15.2368 0.0000 9.0811
10.1429 0.0000 6.0452
10.6673 0.0000 6.3577
8.3658 0.0000 4.9860
11.0470 0.0000 6.5840
14.7325 0.0000 8.7806
8.9504 0.0000 5.3345
11.9832 0.0000 7.1420
5.1859 0.0000 3.0908
10.9517 0.0000 6.5272
7.2951 0.0000 4.3479
7.1013 0.0000 4.2324
6.0799 0.0000 3.6236
6.3344 0.0000 3.7753
7.6512 0.0000 4.5601
7.4834 0.0000 4.4601
15.4320 0.0000 9.1975
16.8750 0.0000 10.0575
4.1185 0.0000 2.4546
4.1939 0.0000 2.4996
10.6612 0.0000 6.3541
13.9942 0.0000 8.3405
9.8072 0.0000 5.8451
13.1343 0.0000 7.8281
3.3264 0.0000 1.9825
7.6252 0.0000 4.5446
12.1061 0.0000 7.2153
11.5687 0.0000 6.8949
7.3889 0.0000 4.4038
10.2838 0.0000 6.1291
16.2552 0.0000 9.6881
15.1608 0.0000 9.0359
10.8520 0.0000 6.4678
5.1767 0.0000 3.0853
11.8146 0.0000 7.0415
12.6721 0.0000 7.5525
12.2412 0.0000 7.2958
12.4720 0.0000 7.4333
10.6914 0.0000 6.3721
9.4052 0.0000 5.6055
4.0586 0.0000 2.4189
7.3068 0.0000 4.3549
10.8953 0.0000 6.4936
7.2447 0.0000 4.3179
6.8076 0.0000 4.0573
11.8360 0.0000 7.0542
8.2156 0.0000 4.8965
7.9207 0.0000 4.7207
11.8816 0.0000 7.0815
9.4137 0.0000 5.6106
11.7421 0.0000 6.9983
6.3743 0.0000 3.7991
10.4765 0.0000 6.2440
7.2950 0.0000 4.3478
11.3863 0.0000 6.7862
11.0188 0.0000 6.5672
10.1017 0.0000 6.0206
7.4638 0.0000 4.4484
7.1081 0.0000 4.2364
6.7240 0.0000 4.0075
2.3445 0.0000 1.3973
7.7670 0.0000 4.6291
9.3377 0.0000 5.5653
8.9151 0.0000 5.3134
11.8261 0.0000 7.0484
4.4087 0.0000 2.6276
12.1209 0.0000 7.2240
9.9118 0.0000 5.9074
15.8409 0.0000 9.4412
9.3913 0.0000 5.5972
15.2014 0.0000 9.0600
8.1996 0.0000 4.8870
8.8877 0.0000 5.2971
7.3973 0.0000 4.4088
9.4651 0.0000 5.6412
3.7713 0.0000 2.2477
7.3120 0.0000 4.3579
6.7616 0.0000 4.0299
14.0529 0.0000 8.3755
8.5323 0.0000 5.0853
4.0612 0.0000 2.4204
7.9671 0.0000 4.7484
6.9736 0.0000 4.1562
10.8142 0.0000 6.4452
4.1057 0.0000 2.4470
9.0035 0.0000 5.3661
9.7428 0.0000 5.8067
9.3557 0.0000 5.5760
6.3134 0.0000 3.7628
10.0221 0.0000 5.9732
15.8970 0.0000 9.4746
8.7900 0.0000 5.2388
