24.3309
24.6049
24.4958
24.5638
24.9093
24.7362
24.6470
24.5120
24.8981
24.6509
24.6495
24.5825
24.3827
23.8813
24.0648
23.7097
23.7992
24.1612
23.8358
24.3457
24.3000
24.5075
24.5253
24.3031
23.9016
24.2211
24.2744
23.9857
24.1387
24.0035
23.9223
24.0217
24.0065
24.1229
23.7194
24.3038
23.9817
24.2111
23.7690
23.8270
23.7829
24.3165
24.0569
24.0324
23.6386
23.6611
23.8910
23.7756
23.6403
23.8377
23.7490
23.3538
23.7081
23.4904
23.5050
23.5506
23.7912
24.4829
24.0108
24.4328
23.9735
24.3264
24.1867
24.4899
24.1254
24.0395
23.9001
23.7508
23.9297
23.9180
23.7499
24.0587
24.0521
24.0746
23.8279
23.7851
23.4797
23.8993
23.9959
23.7739
23.9895
23.8310
24.1562
24.5265
24.4765
24.1357
24.0931
23.9534
24.0537
23.9069
24.3464
24.1877
23.7545
23.8581
24.0427
24.0932
24.3450
24.6161
24.5525
23.9898
23.8055
24.1573
24.0700
24.4070
24.1984
23.9325
24.1077
24.3300
24.0789
24.5517
24.2630
24.2883
24.2362
24.2673
24.2110
24.2951
24.0885
23.8223
24.4008
23.8457
23.9094
24.2578
24.4604
24.2333
24.4928
24.2385
24.0805
24.2912
24.5155
24.5974
24.3389
24.4091
24.3382
24.2894
24.1807
24.3431
24.2958
23.8971
24.3990
24.3989
24.4834
24.4187
25.1068
24.6212
25.0686
24.7319
25.0532
25.3028
25.2380
24.7873
24.4428
24.5594
25.1215
24.9782
24.6695
25.2638
24.6610
24.7474
24.2307
24.3284
24.6583
24.4974
24.4566
24.4862
24.3581
24.2922
24.6921
24.5080
24.3312
24.4346
24.3009
24.5252
24.3149
24.8154
24.4320
24.4037
24.0757
24.2655
24.3299
24.1445
24.2595
24.2076
24.3767
24.6076
24.3149
24.3663
24.2415
24.2816
24.3404
24.4055
24.3642
24.6346
24.6368
24.8794
24.4372
24.1330
24.3709
24.3780
24.0924
24.5428
24.5931
24.2443
24.5726
24.5507
24.4490
24.9675
24.8687
24.1753
24.4058
24.5279
24.3786
24.0367
24.2886
24.4687
24.5353
24.6272
24.4144
24.3187
23.8884
24.0312
23.9317
23.8233
23.8946
24.1715
24.4595
24.2035
24.0857
24.3230
24.5347
24.1282
24.2958
24.2392
24.3395
24.1850
24.1739
24.1580
24.3517
24.3557
24.3878
24.3259
24.2863
23.9710
24.1466
24.5037
24.5139
24.5761
24.5171
24.5045
24.5560
24.3312
24.2978
24.2867
24.5793
24.4130
24.4310
24.5036
24.4604
24.6914
24.6936
24.5230
24.3210
24.3687
24.3145
24.6294
24.8651
24.5525
23.9937
24.5062
23.8401
24.2025
24.8038
24.2078
24.4692
24.4729
24.0804
24.0755
24.3728
24.4079
24.5769
24.5904
24.7631
24.6011
24.2657
24.6763
24.3928
24.3829
24.5498
24.4438
24.5571
24.2549
24.3918
24.4410
24.3930
24.7392
25.1339
24.7248
24.8095
24.5205
24.5775
24.3889
24.7838
24.7182
24.8104
24.3858
24.2661
24.9229
24.7828
24.9376
24.5575
25.0281
24.5080
24.6019
24.7908
24.6078
24.7235
24.7624
24.7935
24.7790
24.5866
24.3702
24.5863
24.5089
24.2712
24.4996
24.4399
24.6206
25.1149
24.6592
24.6651
24.5300
24.5866
24.5933
24.8874
24.4197
24.4002
24.5932
24.7120
24.6332
24.6854
24.4570
24.3708
24.3971
24.3537
24.6084
24.5481
24.5971
24.5963
24.7335
24.4239
24.7912
24.7494
24.4673
24.5953
24.3474
24.5520
24.4343
24.3935
24.5949
24.7655
24.4511
24.5535
23.9183
24.5346
24.6733
24.5650
24.5616
24.8161
24.6052
24.3398
24.7446
24.5557
24.8843
24.8419
24.6780
24.7988
24.9438
24.6977
24.9652
24.8156
24.9513
24.6637
24.6548
24.5335
24.5258
24.5496
24.5662
24.4587
24.6866
24.7942
25.1458
24.7838
24.9505
25.3358
25.4292
25.2504
24.6318
24.9827
24.6240
24.7133
24.9331
25.2764
25.4703
24.8797
24.8436
24.7379
24.7892
24.6459
24.8628
24.9709
25.0791
24.6610
24.7841
24.7851
24.9787
24.6842
24.8543
24.4798
24.6364
24.4483
24.9177
24.6982
24.4546
24.9350
24.5823
24.7131
24.5964
24.8067
24.8143
24.6685
24.4945
24.3473
24.6833
24.8537
24.4931
24.9308
24.5507
24.5455
24.7350
24.7205
24.4419
24.3245
24.5156
24.2685
24.4794
24.7659
24.8078
24.4191
24.4170
24.2122
24.2457
24.4326
24.3252
24.2597
24.5822
24.1789
24.1472
24.3357
24.2787
24.4203
24.1924
24.2946
24.5035
24.3438
24.4915
24.1917
24.3942
24.7723
24.2028
24.3742
24.5395
24.3332
24.5539
24.4232
24.0970
24.4416
24.1489
23.9329
24.1654
24.4555
24.4584
24.4075
24.1695
24.3651
23.7928
23.9585
23.8409
24.0848
24.2372
24.1928
24.1743
24.1760
24.0627
24.5995
24.4704
24.4310
24.5555
24.3706
24.0222
24.5140
24.0504
24.7433
24.5907
24.6091
24.5452
24.3944
24.2241
24.3191
24.4833
24.4640
24.3265
24.1880
24.4414
24.8191
24.5330
24.5348
24.4130
24.7034
24.3429
24.6096
24.3173
24.3774
24.5157
24.4899
24.2905
24.3214
24.4334
24.7446
24.9796
25.0229
24.5803
24.7014
24.9927
24.1889
24.1136
24.9458
24.8401
24.6489
24.7395
24.9776
24.1122
24.5313
24.7280
25.0355
24.8330
24.7529
25.0433
25.0881
24.8870
24.9868
24.2009
24.5561
25.0363
24.9804
24.9197
24.6662
24.6599
24.6201
24.7384
24.9810
24.5836
24.6939
24.7131
24.6881
24.4362
24.6988
24.7223
24.4387
24.2433
24.6701
24.5948
24.9422
24.8431
24.6882
24.5114
24.6597
24.7815
24.1862
24.5593
24.6505
24.5611
24.5019
24.4646
24.4345
24.5146
24.4945
24.4334
24.6569
24.4617
24.9702
24.8508
24.2742
24.2080
24.5134
23.9100
24.6115
24.4231
24.4161
24.2877
24.3437
24.5015
24.1242
24.4058
24.5824
24.3716
24.5350
24.3880
24.5616
24.0474
24.3483
23.9295
24.2903
24.1976
24.6083
24.5239
24.3447
24.3918
23.9493
24.3011
24.0710
24.4225
24.4729
24.1950
24.1754
24.4226
24.5937
24.1515
24.4477
24.2408
24.4482
24.4547
24.5856
24.4888
24.5487
24.8118
24.5939
24.6142
24.8429
24.5529
24.6305
24.8260
24.6845
24.4422
24.3403
24.7068
24.8784
24.4635
24.6827
24.8891
24.7752
24.6745
24.6424
24.5122
24.3621
24.3154
24.4841
24.9096
24.4085
24.5655
24.6860
24.7569
24.6112
24.7408
24.7706
24.6926
24.9684
24.7159
24.9093
24.6908
24.5640
24.7362
24.7676
24.7686
24.5149
24.7168
24.8382
24.5340
24.7622
24.6199
24.6869
24.4315
24.8064
24.4817
24.6833
24.2878
24.1408
24.1558
24.3403
24.4716
24.9285
24.8701
24.8231
24.5377
24.4408
24.4249
24.1027
24.5184
24.2748
24.8552
24.4028
24.8853
24.7753
25.1960
24.8540
24.7774
24.7615
24.4169
24.2994
24.4249
24.8490
24.6765
24.4650
24.3728
24.5054
24.4274
24.5524
24.2736
24.8633
25.0094
24.4046
24.3871
24.8391
24.8447
24.9774
24.5614
24.5652
24.3551
24.5944
24.4652
24.5383
24.9196
24.9333
24.2988
24.2487
24.3067
24.7475
24.2953
24.7592
24.9354
24.4851
24.5510
24.7381
24.4942
24.0817
24.2808
24.0791
24.4474
24.1886
24.3102
24.4384
24.5213
24.4309
24.4451
24.4557
24.3669
24.3831
24.2516
24.0557
24.5094
24.7128
24.6871
24.5783
24.7392
24.6852
24.5634
24.7692
24.6560
24.5727
24.4399
24.7317
24.7752
24.6177
24.6951
24.3995
24.4658
24.3175
24.4875
24.7735
24.4476
24.2869
24.5794
24.5632
24.6064
24.3400
23.9474
24.5915
24.5717
24.6133
24.3362
23.8833
24.1281
24.1846
24.2787
24.1965
24.4652
24.4922
25.1593
25.1935
24.8139
24.8256
24.6710
24.6173
24.6623
24.7427
24.5436
24.9157
24.5369
24.4500
24.4500
24.4117
24.3124
24.2861
24.7976
24.4558
24.6609
24.3481
24.7237
24.2393
24.4963
24.2741
24.4504
24.6836
24.6801
24.5684
24.2349
24.7146
24.9998
24.8158
24.6786
24.4377
24.9842
24.9730
24.9017
24.6328
24.5358
24.3483
24.9951
24.4073
24.8788
24.8163
24.8444
25.0983
25.0385
24.8015
24.5980
24.9061
24.7003
24.6637
24.7495
24.4605
24.6618
24.6117
24.6565
24.6885
24.8277
24.6792
24.8085
24.4079
24.7260
24.6783
24.7323
25.0019
24.9851
24.8833
24.8953
24.2934
24.7430
24.9006
25.1888
25.1557
24.7073
25.0328
25.0445
24.8000
24.9496
24.5503
24.9326
24.9548
24.8813
24.9360
24.8628
24.7127
24.8007
24.8982
24.9075
24.5760
24.5374
24.3527
24.6834
24.5622
24.2387
25.0917
24.9000
24.8170
25.3677
25.0638
24.9365
24.5418
24.5486
24.4538
24.1679
24.5484
24.9446
24.7994
24.2357
24.4513
24.2564
24.4607
24.5750
24.7165
24.5357
24.4993
24.8097
24.7422
24.3714
24.6426
24.7565
24.7221
24.7338
24.6052
24.2944
24.1049
24.2815
24.3571
24.2635
24.4815
24.0449
24.0149
24.4899
24.0608
24.1788
24.4562
24.1102
24.4192
24.1278
24.3774
24.1590
23.9434
24.0926
24.2874
23.9932
24.1986
24.0340
24.1417
24.1417
24.2096
24.4768
24.2070
24.1144
24.0822
23.9108
24.2719
24.0775
24.1240
23.9819
24.2119
24.3478
24.3448
24.3565
24.5551
24.3590
24.2992
23.8875
24.1851
24.0975
23.9237
23.8558
24.4062
24.1082
24.1978
24.5238
23.8497
23.8629
24.1829
23.7256
24.1088
24.0147
23.8993
23.9748
23.9035
23.8958
24.0065
24.1760
24.0546
23.8334
23.8625
24.3495
24.6027
24.0483
24.0829
24.1541
23.7922
23.6403
23.2412
23.2235
23.4735
23.6822
23.5592
23.4050
23.6767
24.0177
23.9285
23.5155
23.2431
23.7236
23.5071
23.8183
23.4790
23.3624
23.3734
23.7703
23.3382
23.6267
23.6152
23.8366
23.5530
23.9824
23.6343
23.7205
23.7619
23.4383
23.3769
23.4420
23.0475
23.4717
23.3778
23.2230
23.5495
23.3230
23.2591
23.4729
23.4882
23.4005
23.5566
23.4338
23.4557
23.5196
23.8143
23.2918
23.3162
23.2630
23.5952
23.6303
23.5740
23.6573
24.0533
23.7228
23.8335
23.8941
23.8424
23.8981
23.9115
23.9090
24.2812
24.1518
24.1639
24.4305
24.2522
24.0512
24.2391
23.8041
24.0467
23.9815
24.0600
24.0549
24.1327
24.2496
24.2477
24.0267
23.7010
23.5086
23.5280
23.9336
23.8770
23.5212
23.5552
23.4820
23.5020
24.0603
23.9166
23.8079
24.1630
24.2476
24.3202
24.3295
24.3989
23.8289
24.3293
24.0356
24.1437
24.2191
24.2092
24.3123
24.0030
24.0209
24.3265
24.4889
24.5713
24.7308
24.4844
24.7232
24.4425
24.6794
24.3944
24.4709
24.2509
24.4943
24.3169
24.6646
24.6589
24.5221
24.4132
23.8366
24.1007
23.9856
24.2468
24.2529
24.3655
24.1806
24.1704
24.0998
24.3518
24.1029
24.3842
24.1775
24.1116
24.2814
24.3348
24.3897
24.0041
24.2444
24.5568
24.2544
24.0746
24.1049
24.1369
24.1611
24.0093
24.5163
24.1317
24.4451
23.9877
23.9431
24.4741
23.6486
24.1667
24.2200
23.8654
24.1506
24.0811
23.4916
24.1197
24.5201
24.5897
24.5023
24.4348
24.0644
24.3563
24.4399
24.2151
24.3620
24.2101
24.1679
24.2238
24.0463
24.4799
24.6013
24.1442
24.3949
24.1189
23.9075
24.2745
24.0082
23.7836
23.8940
23.8624
23.8128
23.9646
23.8964
23.9100
23.8902
23.7316
23.9333
23.8941
24.0537
23.9224
24.0304
23.9153
24.0244
24.0110
23.9207
23.8051
23.7118
23.8838
24.0964
23.8990
24.2307
24.0019
23.9894
24.3320
24.1977
24.2338
23.7805
24.1651
24.1477
24.0043
23.8363
24.3437
23.8312
24.3202
23.9594
24.4346
24.3114
24.4762
24.1646
24.3161
23.9289
24.2829
24.4761
23.8507
24.4880
24.4845
24.4049
24.6648
24.3198
24.7688
24.4694
24.7201
24.8991
24.5462
24.4042
24.2884
24.3971
24.1708
24.4991
24.2054
24.3755
23.8121
24.0470
23.7473
24.3026
24.1374
24.2253
24.1771
24.0735
24.1855
24.1263
24.0796
24.0542
24.2873
24.4302
24.2199
24.0327
24.2586
24.0289
24.1370
24.2215
23.9413
24.3879
24.6837
24.4220
23.8298
24.4024
24.2892
24.1076
24.2255
24.3180
24.2352
24.3549
24.2980
24.6657
24.6739
24.6790
24.5305
24.5517
24.5501
24.4967
24.5934
24.0499
24.2456
24.1398
24.1812
24.2035
24.5239
24.3014
24.6260
24.2935
24.2813
24.4225
24.5430
24.0499
24.2037
24.4407
24.2977
24.1428
23.9825
24.1724
24.0962
23.6009
24.4520
24.1043
24.2057
24.2043
23.6264
23.9844
23.9272
24.5181
24.2189
24.0286
23.9125
23.6690
23.7761
24.0112
23.8124
24.0371
24.1300
24.1088
23.7292
23.7918
23.9209
23.8898
24.6889
23.8444
23.9781
23.9665
23.8791
24.0231
23.4428
23.6886
23.7874
23.7933
23.9499
24.2935
24.2884
24.3139
24.1502
24.6065
24.1423
24.2940
24.3735
24.1344
24.1692
24.2872
24.1388
24.2471
24.8176
24.9033
24.5577
24.5470
24.4467
24.5966
24.4478
24.2389
24.3363
24.6255
24.8985
24.7666
24.6415
24.8753
25.0071
24.3965
24.2477
24.3276
24.5306
24.5695
24.5301
24.6093
24.7924
24.6416
24.6344
24.8999
24.8763
24.7464
24.2001
24.1545
24.2041
24.9535
24.7585
24.7261
24.8286
24.7628
24.7645
25.3288
24.6509
24.4056
24.3279
24.4659
24.1398
24.4433
24.8266
24.5126
24.1639
24.0343
24.0854
23.8859
23.9691
24.0600
24.2698
24.0864
23.8385
24.0384
23.9141
24.1261
24.1619
24.2034
24.3349
24.1507
24.1533
23.9600
23.9599
23.6570
24.3724
23.9218
24.0545
23.9782
23.8358
24.0338
24.0026
23.9061
23.8332
24.0467
23.8622
24.1032
23.5914
23.7144
23.7737
24.2305
23.5994
24.5060
24.3749
24.5599
24.0790
24.1216
24.0766
24.1812
24.1804
23.9290
23.5939
23.8047
23.9545
24.3527
24.9821
24.5846
24.3948
24.7713
24.1959
24.0792
24.5906
24.6118
23.9386
24.4294
24.3702
24.2051
23.8870
24.4581
24.5494
24.0987
24.0419
24.2304
24.2996
23.9615
23.9883
24.2283
23.8534
24.0229
23.8456
24.1752
24.3996
24.2708
24.3141
24.2014
23.9304
23.9304
23.9241
23.6624
23.9038
23.7996
24.2370
23.8508
24.0377
23.9765
24.2720
24.5542
24.0924
23.6973
23.6901
23.7376
23.7987
24.1622
24.1952
23.8012
23.6717
24.0200
23.5620
23.6297
23.5320
24.1118
23.8767
24.1246
23.9257
23.9325
23.9399
24.0972
24.0691
23.5685
23.8540
24.5562
24.4230
24.1114
24.4265
23.7464
23.7930
23.4876
23.8623
23.7370
24.1555
23.8795
24.0863
24.3007
23.9080
23.9816
24.0388
24.1104
24.0158
24.2097
24.2026
24.4497
24.1144
24.0129
24.2770
23.9595
23.7783
24.3280
24.5996
24.1341
24.2493
24.2044
23.9024
24.2795
23.9875
24.1183
23.9104
23.9344
23.8893
23.9806
23.8566
24.0024
23.8985
24.2690
24.2535
24.1113
24.0873
24.4431
24.0461
23.7726
24.1930
24.0313
23.7412
23.9853
23.8368
24.1795
23.9420
24.3399
24.4708
24.1224
24.3697
24.0335
23.8913
24.0187
23.8478
23.4618
23.6854
23.5288
24.1404
24.0847
24.1140
24.0163
23.7933
23.8016
24.1415
24.0654
24.0736
23.7831
23.7676
23.9715
23.8592
24.4114
24.0329
23.7679
24.0765
23.7434
23.7999
23.9760
24.0906
23.8208
23.5952
24.1088
23.8284
23.7888
24.0891
23.7577
24.0644
23.7320
23.8154
24.0794
23.8363
23.8931
24.1309
24.0712
23.8809
24.0606
23.9683
23.6719
24.0413
23.8567
24.4296
24.1777
24.2204
24.3489
24.6792
24.3787
24.3791
24.4368
24.1075
24.3019
24.4418
24.2514
24.5239
24.0085
23.8785
24.2291
23.9149
24.1525
24.1723
23.6785
24.0975
24.1109
23.7651
23.8069
23.8143
23.6709
23.6021
23.9869
23.9849
24.5271
23.6725
23.6099
23.7666
24.3455
24.1060
24.4865
23.9999
24.1280
23.8209
23.8750
24.2314
24.1642
23.8601
24.0906
24.2492
24.2695
24.3774
24.6583
24.7767
24.7611
24.2807
24.4605
24.2937
24.3929
24.0543
23.7130
24.0537
23.8023
23.8004
23.8437
23.7675
23.5978
23.8066
23.6221
23.6170
23.8742
23.8110
23.8599
23.7244
24.0389
23.6465
23.7894
23.7031
23.8031
23.5876
23.8556
23.5978
23.5773
23.6022
23.7608
24.3758
24.1777
23.9394
23.8578
24.0039
24.1329
24.2928
24.0486
24.0948
23.9716
23.9551
23.6448
23.6428
23.9254
23.8697
23.8273
23.5392
23.6839
23.6376
23.7824
24.0662
23.8402
23.9784
23.6677
23.6859
23.7789
23.9042
23.7622
24.1875
24.5267
24.0456
23.6055
23.7109
23.6300
23.7651
23.8611
23.5199
24.0795
24.1264
24.3842
23.9140
23.8779
24.1505
24.1838
24.1322
24.2173
24.4701
24.5534
24.5846
24.2621
24.6928
24.2490
24.4373
24.6329
24.2700
24.5022
24.8716
24.5595
24.3640
24.4283
24.4600
24.6550
24.5860
24.2201
24.2198
24.6893
25.1833
25.0347
24.8205
24.6402
24.5717
24.7827
24.2209
24.1932
24.2541
24.0004
24.3201
24.1723
24.0966
23.9088
23.8057
23.6553
23.9494
23.7241
23.6120
23.6225
23.7197
23.7760
23.8511
23.6276
23.9115
23.7527
23.6348
23.3866
23.3331
24.1622
23.7654
23.6746
23.3275
23.8824
23.6562
24.0769
24.1137
24.0644
24.0489
24.3304
23.9816
24.1174
23.5849
23.9264
23.6958
24.0938
24.1465
24.2848
24.0336
23.5950
23.9520
24.0859
24.1791
24.6373
24.0586
23.7982
24.0611
24.2561
23.8681
24.0019
23.6710
23.8154
23.9899
24.1045
23.8890
23.7830
24.0949
24.2410
23.9286
24.0576
24.4081
24.4238
23.8742
24.1228
23.6070
23.4448
23.6343
23.7843
23.8213
23.5343
23.9523
24.0791
23.8380
23.7625
23.8236
23.9356
24.0616
23.5995
23.6520
24.0826
23.8049
23.8978
23.6044
23.8179
24.0289
23.7538
23.8071
23.7113
23.8350
24.2253
23.8630
23.7533
23.8574
23.7451
23.4821
23.7690
23.8764
24.3214
24.0955
24.1728
24.1677
24.1419
24.2652
24.1116
23.9594
23.9675
23.5754
23.3471
23.4883
23.6247
23.7261
23.9980
23.9282
24.1763
24.1006
24.1271
23.8621
23.9691
24.1624
23.8536
24.1209
24.2235
23.9145
24.1916
23.9610
23.7443
24.3733
23.9119
24.0823
23.6169
23.9189
23.7482
24.1976
24.0078
24.0926
23.7461
23.9188
23.9472
23.9199
23.7618
23.9271
24.1295
24.1579
24.8104
24.1290
24.1208
24.0860
24.1664
24.1760
23.9579
23.6268
23.8706
24.0060
23.3898
23.8944
24.0064
23.7188
24.2015
23.9039
23.7897
24.1340
24.0361
23.7537
23.8280
23.5328
24.1917
24.0706
24.4811
24.0584
24.3782
24.2088
24.0711
23.9220
23.6738
24.0821
23.8119
24.0486
24.1443
23.9423
24.2070
24.1322
24.2122
23.8808
24.1610
24.0057
23.8165
24.1055
23.8517
24.5033
23.9142
24.0392
23.7966
23.8448
23.6986
23.4652
23.8018
23.6122
23.4333
23.5036
23.8925
23.8759
24.1113
23.7587
23.8531
24.1098
23.5950
24.2700
24.0860
23.9867
23.8495
23.9048
23.9615
24.0419
23.9876
24.1146
23.8426
24.1639
23.7352
23.7340
23.8954
23.8836
23.8468
23.8841
24.2952
23.8200
23.9403
24.2507
24.0520
23.8205
23.7381
23.9011
24.0399
24.1687
23.9139
24.1850
24.1014
24.0282
23.9491
23.9859
23.7719
23.6446
24.0354
23.9012
23.8151
24.0669
24.5158
23.9730
24.3534
23.8708
23.8358
23.9623
23.9409
24.0864
24.1821
24.0466
23.9847
24.7174
24.1377
24.0544
24.2161
24.2584
23.9511
24.1893
24.2454
24.1670
24.4128
23.8112
23.9908
23.6225
23.8368
24.1720
24.0711
23.7951
24.0290
23.5057
23.8245
23.8453
24.4652
24.4853
24.6215
24.3198
23.9009
24.4036
23.7859
23.9498
23.7956
23.7526
24.2310
24.7155
24.4853
24.3908
24.4550
24.5597
24.2292
24.6835
24.7076
24.4385
24.7643
24.2332
23.9741
24.3037
24.1291
24.1454
24.2194
24.0370
24.0475
24.4535
24.0697
23.9772
23.8588
24.1142
23.4779
23.8033
23.8755
23.9363
24.0783
24.0209
23.8189
23.8010
23.9208
24.1485
24.0332
24.2839
23.9983
24.1027
23.7295
24.1915
23.4167
23.7306
23.7734
23.3676
23.5615
23.6822
23.7880
23.5574
23.7215
23.4393
23.7113
23.7927
23.5631
23.8241
23.5730
23.2604
23.6579
23.5234
23.5645
23.5796
23.5417
23.8602
24.1030
24.0021
23.5221
23.7285
24.2737
23.9200
23.9743
23.9749
23.9133
23.5352
23.8062
24.1282
24.1560
24.1488
24.2797
24.3238
24.9276
24.4378
24.2733
23.6557
24.0419
23.6797
23.8257
23.8464
23.9893
23.9270
24.2159
23.7126
23.7407
24.0590
23.3899
23.7066
23.6795
23.3434
23.2901
23.2886
23.2925
23.7083
23.8032
23.7772
23.8986
23.9005
23.8074
23.7818
23.9783
23.8537
24.1299
24.0127
23.7451
24.1814
24.0474
24.2754
23.5598
23.7296
24.2562
23.9023
23.7268
23.6429
24.0578
23.7383
23.3544
23.0945
23.5214
23.4015
23.5864
23.8077
23.5658
23.5197
23.8061
23.5936
23.7329
23.4255
23.3648
23.4915
23.2025
23.5876
23.4970
23.3172
23.3951
23.5275
23.2668
23.4278
23.4696
23.0997
23.5659
23.8276
23.5950
23.4739
23.3345
23.9238
23.8012
23.4631
23.5943
23.6679
23.3993
23.5159
23.6084
23.3924
23.5945
23.4836
23.8263
23.6664
23.6276
23.3824
23.5734
23.3243
23.2782
23.4021
23.5023
23.5205
23.6535
23.5860
23.5248
23.4749
23.6281
23.4286
23.2897
23.2669
23.7373
23.5574
23.3752
23.7752
23.5221
23.5721
23.3004
23.6948
23.8816
23.8949
24.1989
24.1863
24.2111
24.2067
24.2033
24.2288
24.2521
23.8520
24.3299
24.2262
23.8462
23.8772
24.1166
24.2886
24.3084
24.1347
24.1507
24.3197
24.3716
24.4830
24.3103
24.2432
24.5154
24.2609
24.1486
24.0856
24.3721
24.0314
24.0084
23.9473
23.8137
24.1220
23.5812
23.6958
23.9567
24.0823
23.9420
24.0068
23.7186
23.9936
23.8749
23.7131
23.8535
24.3240
23.8206
24.3836
24.3808
23.9995
24.1975
23.9049
23.6259
23.8148
23.9090
23.7621
23.2728
23.5664
23.3033
23.7666
23.4277
23.4216
23.7093
23.8738
23.8591
23.8150
23.9315
23.7621
23.3861
23.5258
23.6955
23.9608
23.8952
24.0771
23.8086
23.8762
23.9744
23.5320
23.8482
23.7303
23.6648
23.6876
23.5950
23.3628
23.4955
23.7025
23.7932
23.6322
23.6337
23.4400
23.5447
23.3799
23.3387
23.3696
23.3623
23.4078
23.4632
23.7532
23.5317
23.6765
23.7648
23.5878
23.3762
23.1250
23.7405
23.4137
23.3190
23.4245
23.8641
23.7022
23.4520
23.3204
23.4024
23.7240
23.7973
24.1150
23.6968
23.9020
23.8344
23.9902
23.7533
23.5962
23.2798
23.6650
23.5513
23.9992
23.5962
23.8194
23.5542
23.7288
23.9113
23.6498
24.0402
23.8750
23.5108
23.6491
23.6938
23.7919
23.4741
23.9248
23.3858
23.6951
23.3981
23.4852
23.7445
23.8303
24.1305
23.7203
23.3844
23.3668
23.5291
23.7012
23.2577
23.2269
23.6145
23.5293
23.6615
23.2321
23.2704
23.3707
23.4414
23.8714
23.5374
23.0715
23.2544
23.7484
23.5704
23.6989
23.6807
23.7714
23.9205
23.8898
23.7959
24.2857
24.0502
23.6823
23.9238
23.7495
23.7856
23.8849
24.0442
23.7316
23.5099
24.0084
23.7448
23.4927
23.5104
23.4594
23.6916
23.4204
23.3412
22.9612
23.2325
23.2326
22.9305
23.2729
23.4561
23.1229
23.1386
23.2973
23.3407
23.1554
23.2587
23.1261
23.2663
23.4163
23.5153
23.8484
23.7855
23.9167
23.8437
24.2196
24.3490
24.1780
23.8722
24.0072
23.9335
24.1359
24.3074
23.9781
24.7802
24.6736
24.6032
24.3307
24.6453
24.3090
24.0694
24.2306
24.2470
24.3843
23.7997
23.8318
23.6835
23.9614
24.2488
24.0294
23.9174
23.9201
23.5889
23.9961
23.8377
23.8494
23.7246
24.0004
24.1951
24.2065
23.8414
23.9082
23.9223
23.5961
23.4664
23.7764
23.8807
23.9854
23.7429
23.9548
24.0137
23.6476
23.6911
23.6360
23.9313
24.2420
23.9546
23.7845
23.5859
23.6787
23.7205
23.5263
23.9365
24.0786
24.0302
24.2339
24.0618
24.1844
24.3860
24.1489
24.3740
24.2439
24.0297
24.4094
24.2613
24.0736
24.1346
23.5565
23.6687
24.0118
24.0160
23.6870
23.4953
23.6379
23.6450
23.6238
23.4606
23.8465
23.8475
24.2102
23.9894
23.8428
24.2144
24.3558
23.6354
23.5617
24.0147
23.7116
24.1808
23.9276
24.4426
23.7495
23.9354
24.2364
23.7741
24.0068
23.7424
23.8840
23.6875
23.8632
23.4875
24.1063
23.7788
23.8926
23.7107
23.7999
24.0094
24.0449
24.1887
24.2652
24.2592
24.1003
24.1973
24.4240
24.4825
24.4687
24.2798
24.1112
24.1267
24.2663
24.2891
24.3642
23.9400
24.1479
23.9554
23.8892
23.7612
23.8045
23.9098
23.6974
23.7142
23.7702
23.9643
23.5049
23.8779
24.0965
24.0622
24.3525
24.1598
24.2929
24.2137
24.1485
23.5989
24.0613
23.9365
24.0874
24.1856
24.0952
24.2579
24.0163
24.3215
23.8081
23.7647
23.7124
23.7703
23.7048
23.6483
23.4868
23.7030
23.9140
24.1215
23.5413
23.6403
23.7380
23.7804
23.9109
23.4995
23.5642
23.7516
23.7955
23.7990
23.4382
24.0162
24.0154
23.8095
24.0311
23.7104
23.5439
23.7031
23.6019
23.8843
23.6713
23.4922
23.1429
23.5849
23.3830
23.3376
23.5637
23.8043
23.9107
23.4917
23.7156
23.9831
24.0104
23.8074
23.8427
23.5398
23.4799
23.4403
23.4303
24.1344
24.2720
23.9005
23.5325
23.9152
23.8869
23.7758
23.4445
23.8358
23.6741
23.7251
24.0763
24.1087
23.8486
23.9228
23.6327
23.9369
23.7845
23.6710
24.2514
24.0131
23.9669
23.9085
24.3533
23.8850
23.9132
23.5792
23.5074
23.6562
23.9789
23.6099
23.7308
23.6720
23.7192
24.0829
23.4230
23.5901
23.7886
23.2307
23.6870
23.6821
23.0591
23.5838
23.9331
24.1299
23.9841
23.9893
23.8605
23.6976
23.6226
23.7533
23.8684
24.0797
24.0599
23.6146
23.8975
23.6911
23.7359
23.5925
23.4904
23.6448
23.8380
23.7239
23.6882
23.8330
23.8540
23.4191
23.6709
23.6827
23.7978
23.6809
23.5234
23.8247
24.0114
24.3159
23.8553
23.3784
23.7393
23.8829
24.0483
23.9991
24.2245
23.8273
24.0402
23.6116
23.5777
23.8566
23.5263
23.9406
23.9021
23.9667
23.8838
24.0705
23.8784
24.0012
23.8681
23.6061
23.7494
23.8820
23.6766
23.5040
23.7018
24.0283
23.5601
23.9924
23.9519
23.8643
23.9017
23.8070
23.8216
23.7739
24.0734
23.6453
23.8098
23.6428
24.1864
23.9583
23.6463
23.4943
24.0053
23.7567
24.0939
24.2495
23.7445
23.8984
23.9468
23.5389
23.7032
23.7203
23.3468
23.8488
23.5919
23.9528
23.6666
23.5655
23.7744
23.7093
23.5606
23.6689
23.7087
23.8038
23.4468
23.9738
23.5304
23.5010
23.7842
23.8388
23.4933
23.7704
24.0887
23.4787
24.1293
23.5957
23.7206
24.0382
23.8329
23.8072
24.0291
23.8236
24.0724
23.9517
23.8034
23.9623
23.8679
23.7578
23.9312
23.9179
23.7174
23.7829
23.9054
23.7049
23.9539
24.2824
23.9869
24.0353
24.1111
23.8047
23.9958
23.7629
23.9930
24.0246
23.6338
23.6791
23.8484
23.3636
23.7030
23.7940
23.6297
23.7952
23.8203
24.0698
24.1074
24.3626
23.9301
23.9617
24.1014
24.0797
24.0969
24.2112
24.0106
23.7499
23.7040
23.8531
24.2141
23.9718
24.2243
23.5278
23.5260
23.3856
23.7023
23.6847
23.7799
23.9956
24.0433
23.6826
24.2056
24.0307
23.9279
23.9351
23.7905
23.6433
23.6080
24.1247
23.6038
23.7247
23.7425
23.6921
23.7603
23.5979
23.8485
23.7532
23.5938
23.8388
24.1049
24.2092
24.1089
24.1558
24.0718
23.9665
23.8996
24.4524
24.1387
24.0290
24.3003
24.0095
24.0457
23.5298
23.6485
23.7349
24.5219
24.7792
24.6108
24.6019
24.6398
24.7263
24.5043
24.3299
24.5252
24.6505
24.6927
24.7514
24.8753
24.7192
24.5994
24.8420
24.6780
24.6919
24.5995
24.4403
24.3765
24.3389
24.2507
24.5913
24.4852
24.3610
24.5307
24.7809
24.7970
24.5963
24.7860
24.6591
24.9396
24.7666
24.7688
24.6417
24.6931
25.1462
25.1033
25.2242
25.0563
25.0194
25.3680
24.7557
24.5517
24.8265
24.7723
24.5721
24.9498
24.6289
24.6079
24.9547
24.6945
24.6137
24.5991
24.7596
24.7478
25.2020
25.0156
24.6450
24.8163
24.7369
24.8298
24.7692
25.0613
24.7765
24.5748
24.4026
24.8244
24.5126
24.7516
24.8796
25.1194
25.0002
25.1700
25.0727
25.3141
25.3605
25.2193
24.7019
24.9730
24.7220
24.8146
24.7222
24.7676
24.7639
24.7649
24.7630
24.6539
24.6741
24.5889
24.8924
24.6134
24.3570
24.6147
24.7804
24.6834
24.6429
24.7487
24.5206
24.9511
24.6289
24.6027
24.5797
24.8346
24.9742
24.5010
24.7225
24.6095
24.7089
24.7788
24.8716
24.8417
25.0437
25.1325
24.9755
24.6619
24.7058
24.6743
25.0290
25.1674
24.8865
25.1036
24.8473
24.6280
24.7943
25.0989
24.7550
24.5186
24.5436
24.6787
24.7991
24.5823
24.9005
24.6836
25.0910
24.9614
24.9502
24.7673
24.7817
24.9517
25.2530
25.2168
25.1396
25.3032
25.2521
24.9183
25.1677
24.7647
25.1993
25.0551
25.0773
24.9230
25.0310
24.9345
24.9069
24.4842
24.9849
24.8765
24.9225
25.1183
25.0698
25.2291
25.2304
25.0551
24.5961
24.8512
24.7362
24.5820
24.7478
24.9645
24.9080
24.6301
24.4917
24.5658
24.6025
24.6369
24.2170
24.4145
24.2790
24.6873
24.8843
24.7508
24.7714
24.8440
24.4795
24.7150
24.7398
24.7295
24.4405
24.4519
24.6458
24.4285
24.8646
24.9716
24.7293
25.0338
24.8535
24.6848
24.6503
24.7184
24.5854
25.2791
24.9883
24.7675
25.0266
24.6452
24.5002
24.3668
24.7222
24.6423
24.5033
24.2869
24.6928
24.6344
24.6937
24.7022
24.8064
24.6475
24.8134
25.0622
24.7916
24.8641
25.1131
24.9109
24.9503
24.7326
24.9609
25.0399
24.8199
25.0234
24.7703
25.0451
24.8468
24.9503
24.8779
24.6782
24.8925
24.8524
24.9087
24.9104
24.9552
24.9698
24.9711
24.7282
24.8867
24.9727
25.1133
24.8068
24.6178
24.7981
24.7675
24.7149
24.7058
24.7273
24.6676
24.5297
24.8128
24.6825
24.7732
24.8186
24.9730
24.7788
24.7557
24.7841
24.4965
24.8021
24.7973
25.0700
24.9473
24.8275
24.9727
24.8902
25.0047
24.8454
25.0349
24.6808
25.0422
25.2308
25.1365
25.0397
24.9242
24.8700
24.9645
24.8059
24.7605
25.1031
25.1234
24.9343
25.0023
24.7229
24.8613
24.9067
24.7880
24.4116
24.9306
25.2917
25.0199
24.8624
24.9064
25.0139
24.9888
24.8806
24.8510
25.0319
25.0105
25.1558
24.8216
24.8100
24.8966
24.5910
24.9203
24.6716
25.0158
24.9140
25.0638
25.1100
25.1846
24.9350
25.0640
24.9712
25.4361
25.1055
25.0283
25.1880
25.0847
24.7995
25.1059
25.0524
25.0902
25.2733
24.6639
25.0074
24.9370
25.0564
24.6704
24.6702
24.9489
24.7360
24.8040
24.8523
24.7408
24.8041
24.9641
24.8451
24.5512
24.8973
24.2025
24.5288
24.6846
24.8296
24.5937
24.4623
24.7865
24.7989
24.8355
24.8176
24.8871
24.4751
25.0594
24.9233
24.8862
25.1503
24.6586
24.9233
24.9289
24.7054
25.2215
24.9640
24.5976
24.6675
25.2282
24.6079
24.6661
24.6738
24.5305
24.8191
24.6851
24.9178
24.5098
24.9629
24.6827
24.8864
24.7725
24.5415
24.3969
24.4435
24.6169
24.5580
24.3567
24.2939
24.6711
24.6643
24.3847
24.3890
24.5298
24.4878
24.4400
24.2956
24.3381
24.5079
24.4687
24.2792
24.2324
24.5547
24.2955
24.6996
24.6435
24.4311
24.3448
24.3146
24.9447
24.2881
24.4417
24.4715
24.7059
24.1401
24.0184
24.3033
24.4591
24.5472
24.4366
24.6314
24.6394
24.3198
24.8782
24.8322
24.8012
24.7257
24.8140
24.6158
24.2727
24.8214
24.6978
24.4525
25.1418
24.9922
24.7738
24.6914
24.7768
24.5998
24.5220
24.6749
24.6533
24.5215
24.6962
24.7508
24.4658
24.5300
24.5702
24.5797
24.7709
24.3881
24.6529
24.8457
24.5955
24.2857
24.7787
24.9883
24.5594
24.4629
24.7413
24.5203
24.5184
24.1006
24.3056
24.4315
24.5359
24.6136
24.2081
24.5231
24.8986
24.7493
24.6996
24.3991
24.5181
24.9699
25.0797
24.8380
24.7561
24.8212
24.8334
24.7420
25.0831
24.8264
24.7294
24.7088
24.6774
25.0121
24.9323
25.1947
25.0781
24.7484
24.8392
24.6923
24.6647
24.7017
24.5652
24.8905
24.7779
24.8429
24.5803
24.6412
24.8164
24.5625
24.3752
24.4849
24.3894
24.3980
24.5229
24.8718
24.5982
24.6957
24.2052
24.6961
24.3409
24.5308
24.1446
23.8650
23.8488
24.1525
24.0171
24.1222
23.9160
24.3014
24.3373
24.4815
24.4435
24.8716
24.3508
24.2552
24.0885
24.4792
24.5520
24.7775
24.6943
24.3131
24.2620
24.0269
24.2643
23.9891
24.2705
24.4705
24.4930
24.4027
24.3511
24.1172
24.2875
24.2564
24.2504
24.5836
24.1142
24.1547
23.8265
24.0661
24.1632
23.9564
23.7920
24.0326
24.4915
24.2785
24.5261
24.5035
24.5863
24.3882
24.4332
24.5491
24.3729
24.6551
24.4552
24.1954
25.0698
24.7704
24.7709
24.8482
24.5692
24.3367
24.3817
24.5587
24.5290
24.7940
24.7200
24.7031
24.6009
24.6967
24.3284
24.5062
24.5050
24.3219
24.6444
24.5217
24.4831
24.0683
24.1108
24.3444
24.6349
24.3605
24.6514
24.2082
24.3356
24.0944
24.4264
24.0991
24.0575
24.2113
24.9089
24.6976
24.4878
24.9479
24.5531
24.4429
24.5271
24.4669
24.3593
24.5742
24.5199
24.8077
24.2031
24.1649
24.3757
24.2971
24.0892
24.4556
24.6289
24.5714
24.2887
23.8178
23.8357
23.9244
24.1286
24.4136
24.1423
24.4484
24.2547
24.4563
24.4830
24.2119
24.2825
24.2690
24.1752
24.3625
24.2490
24.5976
24.3894
24.7825
24.4443
24.5089
24.5791
24.5783
24.4370
24.4007
24.3668
24.5959
24.7130
24.9172
24.6932
24.7671
24.9968
24.5087
24.4450
24.4666
24.6139
24.6420
24.6492
24.2187
24.4711
24.0005
24.7042
24.1750
24.1974
24.3010
24.2242
24.4001
24.1510
24.1198
24.4498
24.3903
24.0835
24.0512
24.1323
24.4886
24.4489
23.9452
24.0785
24.5656
24.7213
24.4924
24.6576
24.6616
24.4298
24.1032
24.4016
24.3887
24.4682
23.9225
24.1055
23.8530
24.2064
24.0672
24.4491
24.3388
24.4708
24.3170
24.1348
24.4532
24.2927
24.4742
24.4619
24.4630
24.6670
24.8481
24.6130
24.4298
24.7612
24.6490
24.8787
24.4730
24.4212
24.4481
24.3718
24.1922
24.5359
24.4261
24.2714
24.2913
24.2675
24.4590
24.0113
24.2437
24.4032
24.9991
24.1938
24.4392
24.0648
24.3140
24.1682
24.1811
24.2821
24.8396
24.6606
24.7833
24.7317
24.3044
24.6507
24.4643
24.2367
24.3430
23.9052
24.3244
24.1789
24.1524
24.4443
23.6679
23.9917
23.8089
24.0665
24.2596
24.3555
24.2997
23.5037
23.6623
23.5850
23.5911
23.7944
23.6250
24.2212
24.1300
24.1697
23.9170
23.7385
23.3577
23.5096
23.6068
23.6505
23.6057
23.7658
23.5495
23.6298
23.4977
23.7279
23.6190
24.1433
23.7826
23.8942
23.9409
24.0060
23.9787
23.9923
23.5835
24.0468
24.1129
23.7341
23.4378
23.8772
23.6727
23.9210
23.8350
24.1908
23.9955
23.9326
23.5943
23.8452
23.7450
23.7189
23.7813
23.8912
23.9850
23.9930
23.9229
23.6659
24.0816
24.4957
24.5863
24.2990
23.8403
24.0433
23.8298
24.0008
23.8885
23.8983
23.3816
23.3712
24.0146
24.0622
23.9276
23.6138
24.2402
23.8301
24.1049
23.9378
23.7534
23.8118
23.9953
24.2311
24.3365
24.1423
24.3697
23.9591
24.1118
23.9820
23.7630
23.6142
23.7764
23.9560
24.2866
24.2435
23.4507
24.0485
23.6644
23.5364
23.4330
23.7551
23.6093
23.5114
23.5411
23.3316
23.5622
23.6062
23.6074
23.4696
23.1943
23.0830
23.5460
23.2146
23.2587
23.2185
23.5710
23.8111
23.7320
23.7833
23.7069
24.2518
24.2822
24.5189
24.2616
23.7788
23.7544
23.4596
23.4293
23.4517
23.4378
23.3926
23.2380
23.2834
23.4845
23.8302
24.3800
24.8775
24.5561
24.3029
24.4830
24.7958
25.1248
24.9583
24.8356
24.5396
24.0941
24.1855
24.4695
24.5674
24.3976
24.6263
24.3602
24.2684
24.4938
24.2333
24.3476
24.4010
24.5152
24.7312
24.6098
24.8072
24.5456
24.4610
24.6380
24.6591
24.8611
24.3226
24.6342
24.3465
24.5157
24.5457
24.3628
24.2066
24.3194
24.4834
24.1838
24.5790
24.5116
24.4513
24.3244
24.6472
24.5340
24.4130
24.6135
24.4669
24.6183
24.8610
24.6998
24.3995
24.7686
24.8658
24.3103
24.4968
24.3220
24.3895
24.8551
24.9269
24.6886
24.6992
24.8811
24.3566
24.2821
24.5575
24.6094
24.8080
24.7171
24.8306
24.6497
24.8143
24.6366
24.5427
24.8044
24.8498
24.5297
24.6130
24.7308
24.8647
24.8748
24.7693
24.5470
24.4882
24.3575
24.4473
24.3272
24.8925
24.4484
24.7671
24.8014
24.8328
24.7466
24.7143
24.6900
24.8379
24.6677
24.6605
25.1510
24.5455
24.7099
24.4569
24.5995
24.5216
24.5479
24.4323
24.2793
24.6731
23.6966
23.8907
23.6763
24.0487
24.4205
23.9922
24.1450
24.3385
24.6065
24.5474
24.4435
24.2888
24.4744
24.6363
24.3464
23.9094
24.1063
24.0802
24.2964
23.8144
24.2918
24.2773
24.3080
24.3714
24.0166
24.4718
24.6926
24.2560
24.5258
24.5775
24.6089
24.4012
24.6893
24.2103
23.9818
24.3866
24.4189
24.4523
24.0890
24.2275
24.5970
24.0631
23.9134
24.1658
24.3434
24.3940
23.9869
24.3368
24.6002
24.3185
24.1094
24.0869
24.7723
24.2458
24.1343
23.8701
24.3679
24.5758
24.4339
24.0229
24.4004
24.5680
24.4082
24.6365
24.3998
24.2182
24.4179
24.2289
24.2915
24.3472
24.2355
24.1613
24.2278
24.5147
24.1412
23.7992
23.9984
24.0741
24.1516
24.3146
24.1560
24.1724
24.2896
23.7585
24.2059
24.1931
23.9030
23.9456
24.2070
23.9637
23.9653
24.2343
24.1706
24.1053
24.0353
