23.3612
23.3453
23.3045
23.7161
23.6474
23.9919
23.9288
23.8380
23.9409
23.9269
24.6420
24.5448
24.4246
24.4145
23.9698
24.0361
24.2315
24.5444
23.9543
24.2648
24.4415
24.3441
24.2159
24.3451
24.2838
24.5398
24.6160
24.4397
24.5438
24.5396
24.6495
24.1487
24.2180
24.4584
24.4397
24.2182
23.7317
23.8579
23.8944
23.9206
24.1348
24.4438
24.2617
23.9095
24.3706
24.1590
24.6274
24.3455
23.9084
24.3152
24.2370
24.2805
24.0599
24.5686
24.4014
24.2774
24.4036
24.5913
24.2909
24.6555
24.6322
24.6150
24.5523
24.3033
24.6520
24.4505
24.4918
24.5032
24.5950
24.3785
24.7780
24.4166
24.5845
24.6970
24.5466
24.5415
24.2650
24.1932
24.3037
24.2654
24.2854
24.6483
24.8297
24.5199
24.4575
24.6217
24.5360
24.3551
24.3953
23.8474
24.0507
24.2071
24.0535
24.0340
23.9128
23.9670
23.9347
23.9665
24.1834
24.2656
24.7039
24.8365
24.4936
25.0144
24.7334
25.0771
24.8220
24.7776
24.1349
24.2255
24.1758
24.1248
24.3159
24.2982
24.5646
24.7363
24.8508
24.8626
24.7694
24.6287
24.8424
24.6417
24.4249
24.0196
24.1385
24.0658
24.1875
23.8453
23.7470
24.1770
24.2561
24.2579
24.2713
24.5099
24.0642
24.2949
24.3640
23.7196
24.3392
24.0770
24.2212
24.3690
24.2564
24.3086
24.4338
24.1927
24.3000
24.1975
24.5618
24.4441
24.2878
24.5122
24.3841
24.1482
24.2146
24.4437
24.3967
24.2685
24.6855
24.5877
24.5449
24.6813
24.4466
24.4847
24.5297
24.6914
24.5174
24.6712
24.6978
24.1600
24.2067
24.3565
24.0523
24.0920
24.0343
24.2791
24.3924
24.6952
24.0741
24.1653
24.2511
24.2887
24.3120
24.1890
24.4074
24.3375
24.6585
24.6818
24.4589
24.0481
24.3512
24.3732
24.5309
24.5138
24.2997
24.5729
24.4161
24.3312
24.5364
24.4558
24.0825
24.1058
23.9305
23.8356
24.1551
24.4531
24.2397
24.6012
24.7534
24.3745
24.0762
23.9958
24.4968
24.0156
24.2483
24.0338
24.1831
24.4933
24.4815
24.3555
24.6822
24.4143
24.4334
24.2255
24.0801
24.1844
23.9855
24.3491
24.2479
24.0278
24.2919
24.3194
24.3327
24.2218
24.2390
24.1223
24.3215
23.9668
24.3585
24.0354
24.1081
24.5394
24.4138
24.1345
24.0130
24.1817
24.1429
23.9326
23.9863
23.9784
24.0909
24.3721
24.0934
24.2798
24.4063
23.9741
24.1398
24.1905
23.5799
23.9207
24.2159
23.9378
24.0967
24.4594
24.2305
23.9532
23.9468
24.0950
24.1316
24.1501
23.7561
23.8181
24.4493
24.1512
24.1283
23.9437
23.9349
24.0812
24.3058
24.1232
24.4546
24.2942
24.0556
24.3683
24.4236
24.6665
24.3943
24.3647
24.3769
24.0028
23.8147
24.4998
24.6151
24.5640
24.5509
24.6598
24.2027
24.4693
24.6224
24.6170
24.2183
24.4854
24.4181
24.8940
24.7239
24.5449
24.1258
24.8098
24.6368
24.5703
24.2421
24.5981
24.5121
24.3741
24.1895
24.3108
24.3074
24.4257
24.6205
24.4913
24.3931
24.7510
24.6587
24.8774
24.5230
24.5641
24.7692
24.6135
24.5802
24.8589
24.6568
24.5926
24.5838
24.4700
24.8167
24.6607
24.7788
24.6577
24.7388
24.4977
24.0521
24.3142
24.6030
24.5157
24.5299
24.7169
24.5804
24.6502
24.4207
23.9842
24.0673
24.4046
23.9907
24.2665
24.3571
24.2554
24.7789
24.5315
24.3128
24.5273
23.9244
24.2235
24.1826
24.1771
24.3027
24.5004
24.3423
24.1766
24.2699
24.2101
23.8294
24.2826
23.8434
24.3158
24.5936
24.3419
24.4451
24.2126
24.2092
23.9837
24.2134
24.2129
23.9957
24.0824
23.9881
24.1811
24.2230
23.8113
23.4777
24.0702
24.0705
23.9266
24.2692
24.1692
23.6770
24.4835
24.2988
24.3104
23.7880
24.0034
23.8861
24.0064
24.0509
24.2678
24.3977
24.4453
24.5420
24.0073
24.1502
24.2970
24.2876
24.0703
23.9307
24.2264
24.2672
24.3780
24.3029
24.6944
24.4375
24.7398
24.3537
24.0062
24.5091
24.3673
24.1721
24.4363
23.9996
24.5340
24.1064
23.8750
24.2593
24.3586
23.9323
23.7847
24.0541
24.1930
23.9795
23.8642
24.2713
24.1915
24.0786
23.9764
23.9891
24.0078
23.8436
24.1118
24.1086
24.4295
24.2390
24.2801
24.0017
24.0649
24.2285
24.1871
24.0368
23.8354
24.5005
24.3264
24.3519
24.2063
24.1947
24.0751
24.2597
24.3361
24.5978
24.5435
24.2194
24.4599
24.5097
24.1805
24.2749
24.2134
24.0675
23.8871
24.4616
24.1555
24.0760
24.1567
24.3183
23.9060
24.1547
24.2701
24.3011
24.3358
24.2917
24.8111
24.8108
24.5769
24.4809
24.0832
23.9102
24.2657
24.2338
24.4189
24.2543
24.3624
23.9500
24.0633
23.9651
24.0912
23.7196
23.7302
23.7807
23.9718
23.8627
23.9191
23.8827
23.7263
24.0825
24.1285
24.0570
23.9608
24.5019
24.1098
24.5751
24.2153
24.1374
24.8156
24.7986
24.1487
24.1092
24.3568
24.4726
23.8104
24.0714
24.2169
24.4145
24.5480
24.2575
24.4467
23.9616
24.2498
23.9148
24.0778
24.1834
23.8584
24.2476
24.3147
24.5037
24.7133
24.6180
24.2169
24.4191
24.7236
24.4743
24.2215
24.2905
24.1497
24.0713
23.9836
24.1032
23.9886
23.9498
23.8451
24.1155
24.3719
24.3100
24.3488
24.0713
24.2405
24.1057
24.3406
24.4551
24.3571
24.4359
24.5352
24.6860
24.7176
24.6900
24.5587
24.7652
24.4855
24.6537
24.4872
24.9082
24.4679
24.3256
24.5463
24.2487
23.9867
24.0598
24.2307
24.2049
24.2357
24.1516
24.4830
24.5298
24.3856
24.6838
23.9979
24.1330
24.3012
24.2536
24.3797
23.9443
24.4390
24.4706
24.1594
24.0607
24.0931
24.3308
24.1587
24.0932
24.4324
23.8842
23.8787
24.3174
24.0144
23.9137
24.1108
23.7827
24.2028
23.8844
23.9683
24.0487
23.8578
23.9559
23.9776
23.6290
23.8719
24.2890
24.5400
23.9571
23.9732
24.0726
24.0191
24.2925
23.8068
23.8964
24.0960
24.1260
24.0409
24.3075
24.0444
24.4038
24.0790
23.9114
24.0868
24.0599
23.9125
23.6421
24.0551
24.2982
24.2274
24.4640
24.0194
23.9193
24.2418
24.3418
24.3632
24.4903
24.4605
24.1771
24.0401
24.0079
24.2108
24.1594
24.3618
24.4565
24.2138
24.1214
24.2707
24.1417
24.0644
24.0527
24.1710
24.2191
23.7794
23.9745
24.0805
23.7914
23.6916
23.6694
23.6161
23.7117
24.0459
23.2225
23.4960
23.4972
23.9860
23.9650
23.9594
23.7500
23.9290
23.9289
23.6459
23.9369
23.6942
23.7164
23.3881
23.6890
24.3126
23.8769
23.7132
23.5816
23.8934
23.8649
23.7139
24.0806
24.3996
24.3659
24.2991
24.1809
24.1335
24.4582
23.7033
24.1266
23.8710
24.0776
24.1165
24.4300
24.2451
24.3072
24.3422
24.2356
23.7820
24.1143
23.8170
24.0523
24.3644
24.4314
24.1523
24.0152
23.9968
24.0973
24.4345
24.3000
24.1111
23.7775
24.1975
24.0495
23.9265
23.7367
24.2015
24.1091
24.0931
24.0891
24.2085
23.7901
24.0516
23.7954
23.8658
23.8409
23.7037
23.6539
23.9623
23.8505
24.0936
24.3825
24.2105
24.2102
24.0899
23.9366
23.8718
24.1700
24.6062
24.3537
23.9084
24.3953
24.3711
24.3545
24.2422
24.0654
23.8473
23.9044
24.1097
23.9461
24.1769
23.9611
23.6879
23.9412
23.8002
23.8618
24.2472
23.8785
24.1242
23.8708
23.9152
23.8124
23.9543
24.0628
23.9044
24.0387
23.9773
24.0931
24.0799
23.9304
23.9255
23.9867
24.1798
24.2142
24.1306
23.8360
24.2292
24.1465
24.0845
23.9392
24.2329
23.8139
24.0133
24.0389
23.8348
24.0628
24.0996
24.0119
24.0693
24.2070
23.9931
24.3696
24.2674
24.0722
23.8104
24.2031
23.7675
23.8609
23.9969
23.8881
23.9440
23.8052
24.4553
24.1123
24.3146
23.9825
24.1762
23.9697
24.0277
24.1119
24.2522
24.0965
24.2289
24.2022
24.0367
24.1026
24.5532
24.1774
24.1114
24.3191
24.1821
24.2939
23.9623
24.2215
24.0086
23.8636
23.6977
23.2864
23.8368
24.2338
24.0467
24.0772
24.2913
23.9684
24.3417
24.2557
24.2151
24.1915
23.9806
24.0967
23.9186
23.7478
23.8482
23.8568
23.4741
23.8665
23.5367
23.4998
23.8060
24.1239
24.2115
23.9646
24.0332
24.1777
23.9944
23.7093
23.7493
23.7391
23.7024
23.7381
23.9566
23.4503
23.6610
23.1745
23.9027
23.6157
23.6997
23.3371
23.7797
23.9017
23.7935
23.6173
23.8049
24.3343
24.0340
24.4253
24.1440
23.9468
24.5128
24.3380
23.8694
24.1058
23.6764
23.7949
23.6948
24.0314
23.8200
24.0369
23.8782
23.6758
23.9652
23.6906
23.6753
23.6194
23.8752
23.7355
23.8340
23.8369
23.6191
23.9163
23.3030
23.3688
23.3300
23.3241
23.6040
23.0748
23.6611
23.6203
23.3277
23.4129
23.6784
23.7060
23.6162
23.3557
23.3197
23.3435
23.4231
23.4956
23.6871
23.4769
23.4569
23.4967
23.0961
23.1300
23.6343
23.1447
23.1872
23.3418
23.6873
23.6006
23.4564
23.3313
23.4253
23.9152
23.6201
23.2513
23.4794
23.6162
23.7975
23.4842
23.5726
23.5114
23.6367
23.4869
23.1568
23.4708
23.6546
23.4565
23.3979
23.6871
23.9496
23.6913
23.7170
23.7586
23.8867
23.9057
23.6498
23.8244
24.1103
23.5952
23.5938
23.5405
23.6252
23.2907
23.8030
23.6190
23.7797
23.5604
23.6556
23.4420
23.3718
23.9332
23.6738
23.6797
23.6004
23.5900
23.7971
24.0282
23.9698
23.6056
23.5114
23.6621
23.9044
23.6283
24.0832
23.9799
23.7341
23.7863
23.7808
23.8506
23.3823
23.7604
23.8896
24.0491
23.6751
23.7176
23.4258
23.6175
23.8104
23.5670
24.0183
23.6545
23.6700
23.6297
23.7415
23.6149
23.9954
23.4158
23.6503
24.0068
23.7763
23.9730
23.8789
23.8792
24.1730
24.0393
23.7340
23.6393
24.0654
24.0493
23.7129
23.9810
24.1787
24.0564
23.9879
24.2138
23.5892
23.9327
23.6384
24.1969
24.1239
24.0046
23.9451
23.9841
23.8410
23.9318
23.7360
24.0543
23.9072
23.9893
23.9241
23.8788
24.2060
23.9949
23.6925
23.9810
23.9610
23.7224
24.1330
24.2763
24.2300
23.7620
24.3337
24.6085
24.6583
24.5027
24.4656
24.2877
24.6550
24.4082
24.6427
24.0222
24.0534
23.8786
23.6607
23.9771
23.9987
24.0452
24.1581
24.1456
24.5994
24.3775
23.8802
23.7450
23.8574
23.5871
23.7510
23.4453
23.5648
24.1081
23.7889
23.8499
23.7138
23.6580
23.6273
23.2074
23.6512
23.4146
23.8310
23.3296
23.5045
23.2731
23.6891
23.2746
23.1641
23.1367
23.2782
23.5538
23.6885
23.6471
23.6438
23.8398
23.7640
23.4742
23.8088
23.7532
23.7493
23.5633
23.5336
23.7845
24.2965
24.0919
24.0507
23.8827
23.7884
23.7465
23.4854
23.8504
23.6646
24.3126
24.0067
23.8038
23.7541
24.1854
23.5713
23.5877
24.0176
24.1612
23.7767
23.4982
23.9829
23.8377
23.7123
23.8572
23.7408
24.0067
24.2945
24.0526
24.3932
24.3124
24.1053
24.1106
24.1186
24.3085
24.0336
24.4213
24.2051
24.1663
24.0097
24.1377
24.4704
23.8380
24.3194
24.3664
24.5278
24.2883
24.0850
23.9378
24.0274
24.2629
24.0806
24.6056
24.3437
24.3904
24.2567
24.3566
23.8794
24.1757
24.0297
24.2798
24.0237
24.0994
23.8402
24.0376
24.1642
24.0538
23.8161
24.1485
23.7676
24.0966
24.0590
24.2637
24.1107
24.0930
24.1782
24.2914
24.4528
24.5774
24.3845
24.1965
23.9576
24.5758
24.1919
24.2816
24.3951
24.2006
24.1849
23.8941
23.5453
23.5401
23.7719
23.8311
23.2311
23.5140
23.4207
23.4377
23.3742
23.8024
23.7201
23.6951
24.0272
24.0445
24.1220
24.2425
24.0593
23.9022
24.0546
23.7928
23.8917
24.3009
24.1596
23.8061
23.8331
24.1376
24.0956
24.2941
23.8881
23.9752
23.9957
23.8161
24.1269
24.1403
24.2910
24.1069
24.0933
24.5697
24.2592
24.2827
24.1385
24.2815
24.0573
23.9023
24.0194
24.3168
24.3032
24.3802
23.9920
24.2454
24.0776
23.9777
23.8522
24.0933
23.9001
24.1799
24.2852
24.5379
24.4415
24.0112
23.9176
24.3301
23.9778
24.3091
24.1881
24.1475
24.0823
24.0753
24.3653
23.9452
24.1935
24.3707
24.3772
24.1460
24.1052
24.2254
24.0876
24.4307
24.0803
23.8594
24.0457
24.0056
24.3342
24.6261
24.3395
24.2672
24.5488
24.2055
24.7265
24.4468
24.5571
24.2200
24.2805
23.8726
24.1718
24.3168
24.2488
24.1821
24.2947
24.4084
24.1935
24.0936
24.4471
24.2515
23.9580
23.9482
24.2854
23.9463
24.0660
24.5098
24.0017
24.1116
24.1387
24.0301
24.1034
24.3557
24.0332
23.5761
23.9969
24.2955
24.2901
24.4501
24.4914
24.6885
24.6007
24.6953
24.5507
24.4084
24.0326
23.9889
23.6918
24.0865
23.9983
24.0288
23.7813
23.7282
24.0368
23.9833
23.6748
23.7502
24.0794
24.1121
24.2447
23.9066
23.9104
24.1815
24.3112
24.6552
24.5881
24.5480
24.5424
24.3626
24.9060
24.3538
24.5599
24.5768
23.8581
24.4144
24.0701
24.1955
24.2233
24.5802
24.0639
24.0150
24.0835
23.8103
23.9581
23.9438
23.8865
23.5542
24.1842
24.0373
24.0424
24.1485
24.1461
23.7057
24.0576
24.2871
24.1057
23.8693
23.7355
23.9961
23.8331
23.9490
23.6340
24.0556
23.8103
23.9058
23.9654
24.2363
24.0359
24.0809
24.2851
24.4072
23.7395
23.8280
24.1329
24.2214
24.2154
24.0314
24.6879
24.2622
24.1594
24.7055
24.3875
24.1976
24.2851
24.3745
24.3636
24.1810
24.7687
24.1970
23.8663
23.7844
24.2447
24.5111
24.2205
24.3154
24.2390
24.0293
24.2728
24.4383
24.4863
24.3039
24.0592
23.8871
24.0294
23.8325
24.0962
24.0539
23.7512
24.0541
24.1959
23.8808
24.1484
24.2555
24.1306
24.2622
24.2904
24.0416
24.1395
24.4217
24.8219
24.2914
24.6554
24.3892
24.0299
23.9824
24.1491
24.0366
23.9848
23.9652
24.1967
24.0826
24.2326
24.2104
23.8292
23.8927
23.8183
24.1224
24.0237
23.7277
23.6735
23.5460
23.9399
24.1178
23.6808
23.2810
23.2302
23.6238
23.9247
23.7142
23.5922
23.5397
23.7193
23.5496
23.6705
23.4381
23.8321
23.4449
23.4944
23.7740
23.3413
24.0792
23.4534
23.4080
23.8109
23.7685
23.8460
23.8116
23.9430
23.6459
23.6818
23.9791
23.7145
24.1547
23.7383
23.5169
23.8952
23.9784
24.2460
24.1217
24.0951
24.3262
23.8550
24.1410
23.7731
24.1751
24.0323
24.1465
24.1566
24.2952
23.5749
23.7578
24.1989
23.7563
23.5619
24.0590
23.8796
23.9773
23.8063
23.8606
23.8310
23.7753
23.9251
24.0651
24.0920
24.0464
23.7456
23.9804
24.1040
24.2796
23.8494
23.7948
24.0990
23.7409
23.8616
23.6290
23.4290
23.5275
23.8817
23.9836
23.6903
23.7155
23.7969
23.6002
23.5746
23.7023
23.2929
23.2562
23.7497
23.5090
23.4329
24.0994
23.7186
23.5965
23.8351
23.8134
23.4721
23.7936
23.8491
23.6934
23.7022
23.9858
23.6060
23.5608
23.6146
23.8816
23.7866
24.0652
23.7143
23.6269
23.6156
23.6052
23.4725
23.4970
23.8799
23.9032
23.7766
23.5421
23.7665
23.6091
24.0619
23.7242
24.3562
24.0174
24.0461
23.7962
23.8329
23.7886
23.8674
23.6407
23.5469
23.5271
23.5852
23.5588
23.8224
23.6625
23.3866
23.7687
23.8167
23.8839
23.8582
24.0097
23.6099
23.7736
23.6645
23.7186
23.5682
23.6600
23.7107
24.0748
23.8303
24.1731
23.8071
23.5284
24.1031
24.1357
23.8869
24.0040
23.7450
23.7077
24.1254
24.2284
23.6626
23.8559
24.0681
24.2481
23.9204
23.9922
23.8332
24.5601
23.9944
24.4085
24.0750
23.7052
23.9873
23.8548
24.2248
23.8768
23.9339
23.9565
23.6633
23.3090
22.7915
23.0684
23.0341
23.5241
23.4897
23.2825
23.4252
23.3096
23.5897
23.1681
23.6111
23.2960
23.7328
23.8493
23.9438
23.5501
23.6512
23.2399
23.7947
23.8133
23.8410
23.5410
23.5111
23.0727
23.3080
23.2378
23.4121
23.5197
23.2412
23.3917
23.3584
23.3750
23.2128
23.1549
23.4136
23.4332
23.6973
23.2169
23.4667
23.4747
23.5850
23.5552
23.4061
23.4234
23.6017
23.5289
23.8730
23.8219
23.4920
23.4225
23.5035
23.5024
23.4423
23.0458
23.1626
23.3596
23.3526
23.4498
23.3274
23.8163
23.5632
23.6582
23.7260
23.5313
23.6362
23.8334
23.4193
23.4017
23.7253
23.5478
23.6861
23.3570
23.6885
23.3284
23.2487
23.1769
23.2954
22.9534
23.1313
23.1189
23.4742
23.1234
23.0492
22.9545
23.2963
23.0354
23.4514
23.1649
23.2299
23.2114
23.3408
23.1314
23.2686
23.4198
23.3562
23.1872
23.2855
23.2349
23.4266
22.9945
22.9666
23.2763
24.0383
23.6712
23.9203
23.5361
23.8152
23.7213
23.8919
23.8050
23.0436
23.4487
23.0350
23.1349
22.7583
23.4477
23.1451
23.3399
23.4831
23.7315
23.7603
23.5860
23.2829
23.2527
23.3605
23.5566
23.6791
23.5709
23.7496
23.9925
23.8142
23.4875
23.7752
23.9567
23.8642
23.7029
23.4076
23.9459
23.7320
23.9717
23.7523
23.9085
23.4786
23.4395
23.6010
23.8428
24.0363
24.0126
23.8335
23.8294
23.4510
23.5083
23.6230
23.8334
23.9971
24.0228
23.4146
23.7005
23.6858
23.7100
23.5345
23.9314
24.1222
23.9694
23.5970
23.6151
23.6427
23.7721
24.3375
23.7193
23.9813
23.8524
24.2644
23.7573
23.9436
23.8648
23.9273
23.8076
23.7712
24.0565
23.8364
24.3987
24.2565
23.8801
23.5465
23.7859
24.5629
24.0187
23.9566
24.0063
23.8488
23.8894
23.9370
24.0348
23.7421
23.7639
23.9557
24.1848
23.9692
24.3428
24.2222
24.3235
24.2189
24.2217
24.1900
24.2176
24.2023
24.0204
24.2166
23.5634
23.5956
23.7601
23.6733
23.7002
23.5853
23.5593
23.5128
23.4899
23.5490
24.1077
23.7191
23.7788
23.4747
23.7365
23.8389
23.4819
23.4791
23.5955
23.4107
23.5259
23.3225
23.4264
23.6754
23.8103
23.6997
23.8366
23.8068
23.7057
24.1456
24.1709
24.1092
24.1442
24.6270
24.5673
24.2460
24.0083
24.6495
24.7092
24.3733
24.2398
24.0980
24.4312
24.5930
24.3386
24.3256
24.0658
23.9985
23.7534
23.8193
23.7897
23.6974
23.9917
24.2471
23.7152
23.7442
24.0246
24.1359
23.9475
23.8541
23.3514
24.1813
24.1972
24.0053
24.1083
24.7149
23.8165
23.4814
23.6907
23.8438
23.5119
23.8343
23.4886
23.8534
23.8124
23.8141
23.7339
23.2966
23.9747
24.2336
24.0590
23.9558
24.3303
23.8465
23.6816
23.9938
23.6430
23.6770
23.7416
23.3888
23.5270
23.3282
23.4244
23.4195
23.3906
23.4785
23.5927
23.7999
23.5534
23.6379
23.5904
23.5946
24.2358
23.7807
23.9790
23.6644
23.7428
23.9179
23.8909
23.6183
23.3088
23.4638
23.6503
23.6608
23.8161
23.8842
24.0003
23.7175
23.6197
23.4683
23.5099
23.3535
23.6299
23.2277
23.4754
23.5349
23.5291
23.4873
23.3132
23.4564
23.5491
23.4673
23.0679
23.3167
23.2440
23.1785
23.5338
23.6661
23.3264
23.3623
23.2990
23.7164
23.7499
24.0276
24.1724
24.1982
23.7337
24.2035
23.8567
24.3775
24.1949
23.9710
24.2936
24.2450
24.1713
24.0669
24.5209
24.1748
24.1879
24.6022
24.3363
24.3205
24.4644
24.0514
24.3297
24.4125
24.3227
24.8337
24.8395
25.2044
24.7038
25.0138
24.5613
24.5326
24.5869
24.2682
24.3483
24.5413
24.1434
24.2454
24.4018
24.2260
23.8081
23.9015
23.7586
23.8229
23.4588
23.5843
23.8129
23.7423
24.2129
23.3561
23.9425
23.5034
23.6912
23.3299
23.4124
23.3817
23.7630
23.5052
23.8603
23.5582
23.4453
23.6881
23.6236
23.9425
23.9389
23.5904
24.0258
23.6395
23.3801
23.8200
23.6879
23.7103
23.9201
23.4062
23.4599
23.7154
24.0732
23.7872
24.1104
23.7988
23.6811
23.6604
23.5913
23.7457
23.6384
23.8674
23.7292
23.7104
23.5732
23.6288
23.4978
23.4248
23.9882
24.0680
24.1523
24.2845
24.0270
24.2238
24.1300
24.2984
24.3535
24.4423
24.4325
24.6632
24.4696
24.4088
24.4085
24.4405
24.0284
24.3428
24.4057
24.0364
24.3864
24.4054
23.9482
24.1807
24.1306
24.1037
24.1818
24.4555
24.6816
24.4378
24.1570
24.2847
24.4425
24.1522
24.5919
24.2360
24.3610
24.0457
24.1235
24.2934
24.5077
24.2704
24.0583
24.2914
24.1597
24.1960
24.0090
24.0232
24.2274
24.2456
24.0403
24.0712
24.1916
23.8036
24.1090
24.4352
24.0593
24.2540
24.1338
24.2568
23.8885
23.9214
24.3361
24.1128
23.7875
24.0980
24.2093
24.1203
24.2789
24.2087
24.0966
24.4371
24.4142
24.5808
24.4335
24.5541
24.5248
24.1785
24.2480
24.2468
24.1036
24.3787
24.4429
24.4543
23.9754
24.1107
23.9875
24.3469
24.1351
24.4370
24.2045
24.2977
24.2988
24.3269
24.7309
24.2626
24.1664
24.4151
24.2946
24.3247
24.2062
24.2490
24.2450
24.2610
24.4140
24.6674
24.2445
24.2783
24.5704
24.9354
24.5375
24.7598
24.5835
24.3552
24.4256
24.4413
24.3397
24.0560
23.9791
24.5788
24.1759
23.7747
24.1489
24.3330
24.3055
24.4084
24.0857
24.4329
24.0918
23.8487
24.2826
24.2451
24.3085
24.3875
24.0728
24.5798
24.2597
24.4416
24.6156
24.4280
24.5294
24.6563
24.8214
24.3871
24.6939
24.9519
24.9166
24.7778
24.4848
24.3829
24.0220
24.3481
24.1501
24.4423
24.1486
23.9579
24.1565
24.0038
24.1838
24.0974
23.6665
23.7626
23.8601
23.8412
23.7429
23.9673
23.6456
23.6387
23.6241
23.4163
23.7864
23.7165
24.0513
24.0496
24.0741
23.9694
23.8793
24.3223
23.9569
24.3887
23.8080
23.6756
24.0616
24.2724
24.0340
24.2804
24.2311
24.1514
24.2499
23.9059
24.1964
23.7451
24.4564
23.9888
23.9742
24.1329
23.9226
23.8077
24.1789
23.8455
23.6723
24.0231
23.6162
23.9518
23.6962
23.8666
24.0547
23.5650
23.8619
23.8198
23.8884
23.7527
23.8539
23.3442
23.5211
23.7534
23.3625
23.7764
23.7255
23.7681
23.6264
23.8494
23.8453
23.5664
23.7762
23.8044
23.7057
23.6819
23.8597
24.0100
23.7688
23.4090
23.7261
23.7389
23.6329
23.5547
23.3842
23.6522
23.5239
23.7295
23.6707
23.7738
23.5376
23.8972
23.6928
24.0644
24.1219
24.3551
24.1666
23.7925
24.0120
23.8752
23.3328
23.9648
23.9238
23.9650
23.7222
24.0335
23.9950
23.9999
23.9754
23.8692
23.9680
24.2344
24.1544
24.1253
24.1749
24.6731
24.4978
23.7991
24.0167
24.3415
24.3017
24.7337
24.5335
24.6940
24.5383
24.1885
24.1081
24.2302
24.1356
24.1975
24.0911
24.1382
24.1698
24.3927
24.0341
24.0803
24.1821
24.1565
23.7663
23.9914
23.9719
24.0719
23.8858
24.1638
24.0994
24.2752
23.9624
23.6714
23.5395
23.5930
23.5767
23.5265
23.6499
23.4611
23.4327
23.5944
23.4857
23.8583
23.7742
23.8904
23.8433
24.1252
24.3426
24.3868
24.1107
24.0410
24.3259
24.2286
24.2641
24.3380
23.9977
23.8073
24.2354
24.0326
24.1199
24.0874
23.6072
23.9472
23.6913
23.6092
24.0542
23.8846
23.7048
23.6190
23.9616
23.8044
23.7272
23.2710
23.5705
23.2009
23.3490
23.4166
23.6154
23.3177
23.4317
23.3421
23.3012
23.4138
23.6784
23.5542
23.5548
23.4961
23.6005
23.1307
23.5585
23.5610
23.5539
23.3172
23.4391
23.6597
23.5425
23.4884
23.2106
23.4627
23.3643
23.4711
23.5651
23.2996
23.3868
23.3608
23.3261
23.7922
23.3891
23.5136
23.6568
23.3702
23.1276
23.3261
23.6340
23.6369
23.6283
23.5592
23.3507
23.5110
23.4475
23.8322
23.8934
23.7000
23.2397
23.5187
23.2692
23.2924
23.6945
23.5536
23.3651
23.7446
23.6551
23.6894
23.8910
23.3625
23.4515
23.7119
23.6452
23.8127
23.5432
23.4074
23.5900
23.7373
23.3976
23.5187
23.7380
23.3843
24.0479
23.5302
23.5740
23.4735
23.5019
23.5136
23.2734
23.3878
23.1966
23.1762
23.4159
23.5687
23.5863
23.0479
23.1118
23.0807
22.8776
23.1308
23.4521
23.6485
23.2447
22.9498
23.5203
23.1111
23.1753
23.3864
23.2865
23.2134
23.4421
23.6026
23.8781
23.3397
23.8524
23.5672
23.5881
23.5447
23.4115
23.7364
23.3870
23.4559
23.3633
23.1542
23.4120
23.2587
23.1399
22.7796
23.4219
23.4165
23.1654
23.2237
23.5768
23.4392
23.1898
23.7332
23.5115
23.1722
23.4730
23.5479
23.4951
23.6758
23.4483
23.7018
23.2729
23.7021
23.6199
23.5794
23.3695
23.6431
23.3474
23.5474
23.8906
23.7087
23.6466
23.5843
23.4324
23.6708
23.7190
23.6266
23.5269
23.4953
23.5703
23.7329
24.0065
23.8526
23.9969
24.1197
23.6553
24.2845
23.9209
23.7687
23.5084
23.8689
23.5104
23.2994
23.5393
24.0695
23.7020
23.8536
23.8983
23.7374
23.8163
23.9807
23.7272
24.1486
23.7819
23.3313
23.7061
23.7031
23.8959
23.8630
23.4806
23.8956
23.9067
24.0840
24.0637
23.3651
23.6308
23.5581
23.8215
23.6331
24.2161
24.1685
24.2011
23.8082
23.3209
23.7204
23.9536
23.8604
23.9505
23.9187
23.5957
23.8277
23.8879
23.3599
23.9467
24.1187
23.6254
23.4222
23.5941
23.6633
23.4667
23.1046
23.5331
23.6042
23.3575
23.2710
23.6480
23.5044
23.5774
23.3393
23.4594
23.0849
23.6104
23.8976
23.5639
23.2534
23.6827
23.4339
23.4933
23.9811
23.5629
23.5216
23.6575
23.6806
23.3656
23.3673
23.5343
23.5177
23.4974
23.5087
23.6053
23.3478
23.6472
23.3582
23.5771
23.8927
23.7615
23.9900
23.9955
23.9173
23.5263
23.8504
23.6511
23.7362
23.9392
23.2759
23.5074
23.4336
23.5587
23.4083
23.7045
23.4399
23.2070
23.5495
23.6648
23.5508
23.9669
23.8168
23.8770
23.6526
23.6613
23.5919
23.4785
23.3971
23.5445
23.8173
23.5945
23.8115
23.7868
23.9215
23.5822
23.7893
23.7001
23.5383
23.6768
23.6550
23.9786
24.0771
23.5570
23.6253
23.5557
23.4824
23.4204
23.3406
23.3520
23.3487
23.6409
23.6809
23.6647
23.5129
23.6965
23.7550
23.7570
23.5894
23.4691
23.7709
23.6572
23.5544
23.9021
23.7899
23.3539
23.7138
23.6661
23.3222
23.2549
23.4179
23.5482
23.9638
23.8426
23.8022
23.6308
24.0618
23.8629
24.0355
23.4098
23.3374
23.5373
23.5983
23.5106
23.7668
23.8009
23.9598
23.6436
23.6385
23.2309
23.6134
23.9902
24.0229
24.0139
23.9091
23.6431
24.0204
24.0465
24.0406
23.7022
23.7824
23.7256
23.7657
24.0371
23.8865
23.8491
23.9453
23.7059
23.9710
23.9161
24.2700
24.2071
24.1730
24.1600
23.8341
23.9972
24.1941
23.8565
23.8291
23.6323
24.4368
23.8334
23.5343
24.3494
23.7534
24.2170
24.1294
24.2279
24.1746
23.7143
23.7120
23.8190
23.8577
23.9880
23.4695
23.8425
23.9087
23.4612
23.8141
23.7315
24.0912
23.9129
23.8771
24.1315
23.9399
24.1079
23.7745
23.7447
24.2495
24.3179
23.8929
23.6217
23.6272
24.0058
23.5540
23.7280
23.5718
23.9305
23.9537
23.8708
23.8396
23.2716
24.1859
24.5100
24.2195
23.9201
23.8304
23.8400
23.5554
23.6878
23.5919
23.8780
23.8630
23.8516
23.7086
23.7431
23.9026
24.0548
23.8742
23.8021
23.6356
23.6925
24.0567
23.9174
24.0352
24.1833
24.2491
23.6622
23.6418
23.6231
23.6267
24.1478
23.7501
23.8277
23.7267
23.5258
23.6788
23.6943
23.9019
23.7590
23.6831
23.5199
23.7914
24.1511
24.1073
23.9826
24.0312
23.8837
24.1265
24.0451
24.0161
24.1092
24.1845
23.9763
23.9014
23.8015
23.8419
23.7716
24.1582
23.7736
24.1487
24.0841
24.0091
23.8799
24.0013
23.9786
23.9280
23.8793
23.7286
23.7740
23.9536
23.9825
23.8318
23.7986
23.8297
24.0008
24.0307
23.9206
23.7701
23.9010
23.8864
24.0209
23.8140
24.0878
24.0867
24.0441
23.5933
24.0584
23.8124
24.0878
23.8680
23.8440
23.9023
23.8698
23.6707
23.7099
23.8564
23.7772
23.7473
24.0506
23.7103
23.7990
23.6432
23.5441
23.8198
23.6667
23.7382
23.8310
23.4938
23.2649
23.8059
23.9026
23.8454
23.5314
24.0043
24.2014
24.3352
24.0805
24.3269
23.8898
24.1077
24.1650
24.2710
24.1320
23.8208
23.8154
24.2402
23.7626
23.7728
24.0506
23.8771
23.5690
23.9499
23.6669
23.7396
23.7425
23.6886
23.7198
23.6541
23.9065
23.6865
24.0082
23.3479
23.9298
23.5469
23.9843
23.7970
23.4920
23.7446
23.3682
23.7191
23.7849
24.0918
23.7163
23.8894
23.9988
23.7636
24.0261
23.8176
23.9992
23.8786
23.8218
23.8329
23.6110
23.8301
23.7162
23.9089
23.8547
23.6336
23.3513
23.5067
23.3755
23.4699
24.0258
23.8537
23.6883
23.6332
23.6678
23.8889
23.8264
23.5441
23.3920
23.9757
23.6760
23.3945
23.3728
23.6852
23.2455
23.3358
23.7071
23.7129
23.6584
23.6466
23.7085
23.6245
23.9242
24.3858
23.6920
23.7755
24.0395
24.0325
23.9040
23.6680
23.9364
23.9052
24.0517
23.9689
24.2611
23.9406
24.1895
24.0764
23.8332
24.1969
24.1971
23.9515
23.9084
24.1026
23.9821
24.0278
24.1820
23.6214
23.7949
23.8857
23.6635
23.9364
23.7700
23.5973
23.8191
23.8329
23.6234
23.6313
23.7437
23.6569
23.8395
23.9722
23.6252
23.3481
23.6336
23.5926
23.6234
23.8419
23.9677
23.7524
23.4274
23.7071
23.7559
24.0158
23.7511
23.8241
23.8523
24.0730
23.9872
23.9671
23.5713
23.8204
24.1640
23.7626
23.7675
23.8385
23.9936
23.8239
24.0264
23.4269
23.5401
23.7270
23.7567
23.4579
23.5863
23.7651
23.4805
24.0497
23.9656
24.4446
24.5022
25.1215
24.4371
24.3197
24.4626
24.1500
24.1859
24.0837
24.1528
24.0306
24.0242
24.1815
23.8002
24.3542
24.0760
23.8760
23.8004
24.2436
23.9918
24.1370
24.1444
24.0493
23.7049
23.8185
23.7512
23.9406
23.5874
23.8916
23.7554
23.7638
23.5653
23.8026
23.5935
24.0175
23.9364
23.7015
23.6135
23.8734
24.3791
24.0211
23.7130
23.8717
23.9865
24.1620
23.8675
23.8667
24.0104
23.6520
23.7927
23.3464
23.5738
23.3798
23.5560
23.6172
23.8257
23.7362
23.6588
23.6254
24.0641
23.4402
23.6817
23.6608
23.6951
23.4935
23.3778
24.2194
23.8803
23.9521
23.5033
23.4686
23.7971
24.0439
23.8941
23.8393
23.8637
24.2384
23.5699
23.4916
23.4640
23.5164
23.6044
23.5599
23.6865
23.3678
23.6507
23.5916
23.7713
23.6532
23.6427
23.7601
24.1437
23.9725
24.0069
24.2381
23.9950
23.7123
24.1170
23.9336
24.2637
23.6503
23.7652
23.8042
23.7686
24.0519
23.6202
23.7269
23.9048
23.6186
23.9516
23.6627
23.7671
23.5763
23.7392
23.6625
23.7700
24.0407
23.9795
23.7932
23.9023
23.5288
23.7106
23.8278
24.1429
23.5849
23.9477
23.9320
23.6467
23.6906
23.5009
23.8302
23.5341
23.5783
23.7569
23.7660
23.4686
23.8141
23.4826
23.5700
23.3986
23.8812
23.6425
24.0016
23.8216
23.7491
23.7949
23.4866
23.3224
23.4859
23.7613
23.6417
23.6952
23.9376
23.9061
23.3648
23.4083
23.4653
23.7286
23.7019
23.6009
23.6503
23.8947
23.6860
23.5088
23.7132
23.3667
23.2205
23.3852
23.5700
23.5237
23.6351
23.5616
23.5115
23.5249
23.7301
23.9576
23.7641
23.7850
23.7810
23.8104
23.7667
23.8967
23.6537
23.7879
23.6139
23.5851
23.4261
23.3965
23.5841
23.6328
23.7771
23.6571
23.5900
23.5646
23.6566
23.6613
24.0520
23.4105
23.3984
23.6033
23.4619
23.9013
23.6938
23.7052
24.0012
24.0545
23.8154
23.6931
23.9073
24.1770
23.5962
23.5663
23.4832
23.6891
23.6355
23.9047
23.7225
23.5635
23.8782
23.9519
24.2320
24.1769
24.0960
24.3391
24.3006
24.3039
23.7844
23.9184
24.0149
23.9245
24.0956
23.9134
23.9874
23.7599
23.6832
23.6335
23.8497
24.1639
23.9647
23.8095
23.4032
23.6814
23.9992
24.0759
23.7983
23.9105
23.5733
23.8350
23.6653
23.8679
24.0575
23.7705
23.8980
23.9976
23.9482
24.2190
23.9596
24.0523
24.0021
23.9431
23.7933
23.8329
23.7439
23.8066
23.6179
23.9415
23.7360
23.3942
23.5202
23.6135
24.1088
23.8688
24.2462
24.3012
24.5193
24.2999
23.7420
23.8188
23.6947
23.9399
23.6510
23.5409
23.6781
24.0344
23.9890
23.9672
23.7781
24.2341
24.4466
24.2973
24.2570
24.2204
23.9907
23.9042
24.3317
24.3058
24.2771
23.9579
24.0387
24.1018
24.0285
24.1275
23.9851
24.0041
24.0416
23.6236
23.7235
23.9124
24.0506
24.2072
23.9152
24.2143
23.8143
24.1132
23.6737
23.9323
23.9122
24.0208
23.7523
23.8442
23.7778
24.0020
23.7092
23.8505
24.0661
23.7722
23.9733
23.7051
23.9004
23.8181
23.7880
23.6754
23.7640
23.7592
23.8333
23.8638
23.9048
24.0099
23.8866
23.7424
23.5559
23.7361
24.0483
24.1743
23.9279
24.3400
23.5795
23.6080
23.7904
23.9199
23.6397
23.7330
23.7458
23.7492
23.6553
23.8570
23.7735
23.9708
24.0001
23.9410
23.9838
24.1270
23.7799
23.7496
24.0347
24.0638
23.6620
23.5613
23.5269
23.4556
23.6588
24.0351
23.8489
23.6772
23.5918
23.6851
23.6905
23.8883
23.6335
23.3261
23.8412
23.7558
23.4497
23.4187
23.5157
23.7487
23.6843
23.5685
23.8533
24.0427
23.8120
23.8887
23.7633
23.7429
23.9992
23.9805
23.7053
24.0707
23.8211
23.5295
23.8517
23.8928
24.1176
24.1722
24.3461
24.2525
24.1160
24.1464
23.9904
23.7167
23.5832
23.9566
23.8220
23.4686
23.9623
24.1370
23.7851
23.7746
24.0013
24.7728
24.4399
24.0931
24.2760
24.2904
24.0533
23.9248
23.9438
23.8856
23.7785
24.1120
23.8647
24.1711
24.1916
24.0276
24.0165
24.2958
23.9842
23.7978
23.8786
24.1564
24.0356
24.1926
24.4018
24.1625
24.1099
23.8039
23.7685
23.9441
24.1515
23.8771
23.8540
23.7215
23.6777
24.1972
24.2036
24.0767
24.3988
23.8525
24.3370
24.1117
24.2130
23.8632
23.7608
23.8001
24.0012
24.1458
23.7658
23.8728
23.9022
24.1903
23.9032
23.9287
23.9164
24.3043
24.2997
23.8952
24.2190
24.2120
23.9113
24.0140
24.0867
24.0356
24.2727
24.2101
24.2188
24.1415
24.1367
24.3253
24.0996
24.3056
24.4170
24.4487
24.3357
24.5224
24.9655
24.5773
24.8156
24.7149
24.4872
24.4667
24.1306
24.5247
24.9021
24.8930
24.8251
24.6971
24.5186
24.7073
23.7488
24.0656
24.2699
24.4683
24.7946
24.3395
24.3924
24.2817
24.6775
24.5130
23.9955
24.2033
24.3331
24.0484
24.0894
23.6470
23.8344
23.7535
24.0169
24.0882
24.0154
23.4725
24.0015
23.7169
23.6969
23.5334
24.1423
23.7593
24.0128
24.2780
24.1852
23.7932
23.6633
24.3873
24.2101
24.5899
24.2766
24.3464
24.3782
24.0968
24.2838
24.3492
24.5960
24.6525
24.1680
24.3024
24.3799
24.5444
24.6155
24.3610
24.2064
24.2671
24.4934
24.1567
24.2593
24.2713
24.4697
24.5892
24.7019
24.7093
24.4295
24.3882
24.6610
24.3568
24.5754
24.3721
24.5565
24.5070
24.4767
24.3666
24.4738
24.9699
24.7490
24.5127
24.3023
24.3753
24.2070
24.7512
24.0968
24.3948
23.9870
23.9783
24.0985
24.2739
24.4802
23.9932
23.8194
24.2701
24.3487
24.4533
23.9207
24.3000
24.4189
24.2740
24.2765
24.1283
24.1807
24.1547
23.5308
23.8734
23.7819
24.1107
24.0091
23.8869
24.1246
23.9805
24.3707
23.6996
23.4082
23.9382
23.5941
23.6929
23.8512
23.9061
23.9326
23.7064
23.8882
23.7796
23.8929
23.8776
24.0253
24.0884
23.8720
24.1994
24.0003
23.9437
24.3201
23.9884
24.0683
23.8869
24.1667
23.9267
24.4861
24.0881
24.0920
23.9907
24.1049
23.9369
23.7952
23.7737
24.0815
23.6636
23.6901
23.8114
23.8046
23.5813
24.3255
24.4615
24.2038
24.2375
23.9817
24.0928
23.7311
24.2204
24.0960
24.2837
24.4672
24.2099
24.1006
23.7470
23.5436
23.6372
23.7402
23.8890
23.5993
23.5601
23.4072
24.3671
24.2231
24.4833
24.0801
24.2783
23.9054
24.2517
24.0169
24.1845
24.3083
24.4910
24.0269
24.1080
24.2341
24.4517
23.9311
23.9345
24.0925
24.2394
24.1623
24.3747
24.1244
24.4130
23.9751
23.8017
23.7651
24.0540
23.8173
23.8120
23.5066
23.6115
23.8787
24.2288
23.7130
23.9691
23.9734
24.1442
23.9977
24.0093
24.3455
24.2132
24.4008
23.6495
23.9817
24.1023
23.8515
23.6476
23.8675
23.4429
24.2591
24.3278
24.1427
23.9489
24.5995
24.2976
24.3916
24.5336
24.2172
24.5460
24.2962
24.4976
23.7382
24.1728
24.5298
24.2082
24.5569
24.6354
24.6556
24.2558
24.6616
24.4119
24.4772
24.4740
24.5054
24.5188
24.1615
24.5120
24.5262
24.1108
24.1369
24.0126
24.2688
24.6327
23.8055
24.4094
23.9982
23.7526
23.8460
24.1644
24.1831
24.0958
24.4493
24.1913
24.3110
23.9744
24.0648
23.7055
23.5664
23.7825
24.4753
23.9234
23.9378
24.4011
24.2017
24.0506
24.3738
24.3385
24.7645
24.3669
24.1900
24.2940
24.6943
24.7828
24.3796
24.6758
24.5509
24.3439
24.2884
24.3582
24.6392
24.4520
24.7118
24.5667
24.2519
24.3485
24.2484
24.1431
23.9313
24.0328
24.6809
24.6216
24.3170
24.1447
24.0376
24.8944
24.8263
24.4493
24.1792
24.5359
24.0096
24.1201
23.8156
24.4104
24.1128
24.3533
24.0277
24.3594
24.0297
24.7175
24.3573
24.4643
24.7559
24.4414
24.1701
24.0889
24.1117
23.8245
24.5265
24.3193
23.9602
23.6987
24.5709
24.8049
24.4201
24.3152
24.8459
24.6552
24.2995
24.0507
24.3901
24.7037
24.3372
23.9952
24.5265
24.2466
24.2954
24.2708
24.1867
24.4766
24.4803
24.4605
23.8807
23.9977
24.4841
24.0572
24.0003
23.9839
24.3799
24.5848
23.8593
23.6950
23.9281
24.2297
24.1176
24.2015
24.4734
24.5318
24.6576
24.9744
24.7239
24.6756
24.4997
24.3174
