0.000000 0.000000 0.000000
0.000000 0.000000 0.000000
0.000000 0.000000 0.000000
0.000000 0.000000 0.000000
0.000000 0.000000 0.000000
0.000000 0.000000 0.000000
0.000000 0.000000 0.000000
0.000000 0.000000 0.000000
0.000000 0.000000 0.000000
0.000000 0.000000 0.000000
0.000000 0.000000 0.000000
0.000000 0.000000 0.000000
0.000000 0.000000 0.000000
0.000000 0.000000 0.000000
0.000000 0.000000 0.000000
0.000000 0.000000 0.000000
0.000000 0.000000 0.000000
0.000000 0.000000 0.000000
0.000000 0.000000 0.000000
0.000000 0.000000 0.000000
3.366030 0.000000 2.006154
3.694315 0.000000 2.201812
6.994546 0.000000 4.168749
0.514477 0.000000 0.306628
5.821418 0.000000 3.469565
2.886115 0.000000 1.720125
3.499511 0.000000 2.085709
2.805086 0.000000 1.671831
1.714913 0.000000 1.022088
2.619449 0.000000 1.561191
1.964271 0.000000 1.170705
4.343222 0.000000 2.588560
12.894055 0.000000 7.684857
5.272141 0.000000 3.142196
6.515823 0.000000 3.883431
6.865080 0.000000 4.091587
9.154066 0.000000 5.455823
7.480185 0.000000 4.458190
8.929319 0.000000 5.321874
10.787196 0.000000 6.429169
4.177502 0.000000 2.489791
6.084275 0.000000 3.626228
13.055370 0.000000 7.781000
7.335898 0.000000 4.372195
1.604879 0.000000 0.956508
7.156150 0.000000 4.265065
4.647949 0.000000 2.770178
2.618484 0.000000 1.560617
7.776976 0.000000 4.635078
4.776686 0.000000 2.846905
11.115149 0.000000 6.624629
4.239751 0.000000 2.526892
7.297981 0.000000 4.349597
2.899765 0.000000 1.728260
4.919793 0.000000 2.932197
5.733020 0.000000 3.416880
8.007127 0.000000 4.772248
8.360037 0.000000 4.982582
8.744599 0.000000 5.211781
10.211810 0.000000 6.086239
5.756131 0.000000 3.430654
7.671726 0.000000 4.572348
9.017517 0.000000 5.374440
4.246540 0.000000 2.530938
3.603846 0.000000 2.147892
5.949371 0.000000 3.545825
7.427662 0.000000 4.426887
9.542787 0.000000 5.687501
6.471966 0.000000 3.857292
5.540380 0.000000 3.302066
6.761291 0.000000 4.029730
4.473783 0.000000 2.666374
4.462984 0.000000 2.659939
4.367691 0.000000 2.603144
13.175356 0.000000 7.852512
5.604519 0.000000 3.340294
3.971828 0.000000 2.367210
4.289437 0.000000 2.556504
5.165326 0.000000 3.078534
4.507753 0.000000 2.686621
3.315844 0.000000 1.976243
4.388354 0.000000 2.615459
3.679203 0.000000 2.192805
4.149086 0.000000 2.472855
4.556896 0.000000 2.715910
6.387359 0.000000 3.806866
8.714101 0.000000 5.193604
7.319852 0.000000 4.362632
8.849160 0.000000 5.274099
12.089130 0.000000 7.205122
5.218505 0.000000 3.110229
4.681592 0.000000 2.790229
3.509933 0.000000 2.091920
10.186735 0.000000 6.071294
1.440780 0.000000 0.858705
8.588858 0.000000 5.118960
5.521781 0.000000 3.290981
4.023732 0.000000 2.398144
8.828438 0.000000 5.261749
4.402047 0.000000 2.623620
8.495842 0.000000 5.063522
6.527223 0.000000 3.890225
6.796208 0.000000 4.050540
8.083976 0.000000 4.818049
5.059655 0.000000 3.015555
2.003178 0.000000 1.193894
9.583052 0.000000 5.711499
6.772424 0.000000 4.036364
5.762408 0.000000 3.434395
6.185836 0.000000 3.686758
11.317828 0.000000 6.745426
3.101750 0.000000 1.848643
1.354244 0.000000 0.807129
5.907457 0.000000 3.520845
13.447746 0.000000 8.014857
8.757142 0.000000 5.219256
6.947579 0.000000 4.140757
5.979411 0.000000 3.563729
6.495940 0.000000 3.871580
6.537509 0.000000 3.896355
1.520501 0.000000 0.906219
4.715034 0.000000 2.810160
8.321788 0.000000 4.959786
3.523925 0.000000 2.100259
4.413821 0.000000 2.630638
6.465527 0.000000 3.853454
5.736237 0.000000 3.418797
3.869710 0.000000 2.306347
6.000914 0.000000 3.576545
10.865332 0.000000 6.475738
2.374129 0.000000 1.414981
3.352369 0.000000 1.998012
5.579328 0.000000 3.325280
6.783410 0.000000 4.042912
6.606586 0.000000 3.937525
9.306071 0.000000 5.546418
9.170392 0.000000 5.465554
4.755566 0.000000 2.834317
12.670137 0.000000 7.551402
9.257216 0.000000 5.517301
5.709071 0.000000 3.402606
5.570784 0.000000 3.320187
8.509483 0.000000 5.071652
2.968974 0.000000 1.769508
9.717219 0.000000 5.791463
4.778785 0.000000 2.848156
4.163792 0.000000 2.481620
6.415680 0.000000 3.823746
3.486789 0.000000 2.078127
11.309088 0.000000 6.740216
3.472938 0.000000 2.069871
6.162155 0.000000 3.672644
15.811300 0.000000 9.423535
6.070894 0.000000 3.618253
7.084846 0.000000 4.222568
2.123288 0.000000 1.265479
7.473945 0.000000 4.454471
11.358347 0.000000 6.769575
3.689392 0.000000 2.198878
14.904697 0.000000 8.883200
8.180705 0.000000 4.875700
4.397355 0.000000 2.620823
2.542740 0.000000 1.515473
5.137997 0.000000 3.062246
5.705115 0.000000 3.400249
4.862007 0.000000 2.897756
9.809610 0.000000 5.846528
3.074823 0.000000 1.832594
7.075671 0.000000 4.217100
7.449408 0.000000 4.439847
4.260350 0.000000 2.539169
2.539280 0.000000 1.513411
2.870731 0.000000 1.710955
4.465143 0.000000 2.661225
1.802652 0.000000 1.074380
4.591217 0.000000 2.736365
4.835424 0.000000 2.881913
7.716803 0.000000 4.599215
5.772852 0.000000 3.440620
7.277118 0.000000 4.337162
9.790724 0.000000 5.835271
9.576947 0.000000 5.707860
3.969672 0.000000 2.365925
3.996931 0.000000 2.382171
4.102470 0.000000 2.445072
6.358204 0.000000 3.789489
5.679921 0.000000 3.385233
8.143504 0.000000 4.853528
13.426875 0.000000 8.002418
10.645898 0.000000 6.344955
10.649160 0.000000 6.346900
2.650472 0.000000 1.579682
4.954711 0.000000 2.953008
6.204629 0.000000 3.697959
13.825028 0.000000 8.239717
2.417099 0.000000 1.440591
6.767832 0.000000 4.033628
4.733623 0.000000 2.821239
4.203213 0.000000 2.505115
2.885675 0.000000 1.719863
3.024171 0.000000 1.802406
10.088844 0.000000 6.012951
5.690695 0.000000 3.391654
13.588649 0.000000 8.098835
4.438653 0.000000 2.645437
5.247908 0.000000 3.127753
4.986562 0.000000 2.971991
5.310719 0.000000 3.165189
6.507768 0.000000 3.878630
5.833145 0.000000 3.476554
2.664643 0.000000 1.588127
6.844250 0.000000 4.079173
3.396912 0.000000 2.024560
7.183300 0.000000 4.281247
8.383960 0.000000 4.996840
9.742188 0.000000 5.806344
5.351833 0.000000 3.189692
6.002238 0.000000 3.577334
4.095080 0.000000 2.440667
4.877128 0.000000 2.906768
5.230710 0.000000 3.117503
10.758306 0.000000 6.411950
6.299311 0.000000 3.754389
3.618668 0.000000 2.156726
4.058889 0.000000 2.419098
3.182990 0.000000 1.897062
4.495519 0.000000 2.679329
5.240530 0.000000 3.123356
3.310411 0.000000 1.973005
5.114165 0.000000 3.048042
10.849598 0.000000 6.466360
5.114665 0.000000 3.048340
7.348846 0.000000 4.379912
3.595749 0.000000 2.143066
10.078487 0.000000 6.006779
7.717020 0.000000 4.599344
6.647886 0.000000 3.962140
7.457771 0.000000 4.444831
7.811742 0.000000 4.655798
6.024106 0.000000 3.590367
