10.9576 0.0000 6.5307
8.6433 0.0000 5.1514
6.1611 0.0000 3.6720
18.6032 0.0000 11.0875
16.6238 0.0000 9.9078
7.8748 0.0000 4.6934
14.2097 0.0000 8.4690
7.4520 0.0000 4.4414
16.5446 0.0000 9.8606
6.9631 0.0000 4.1500
5.8065 0.0000 3.4607
11.1561 0.0000 6.6490
7.2002 0.0000 4.2913
4.0301 0.0000 2.4019
9.4972 0.0000 5.6603
16.0353 0.0000 9.5571
8.0253 0.0000 4.7831
7.2373 0.0000 4.3134
17.1986 0.0000 10.2504
8.1829 0.0000 4.8770
7.9871 0.0000 4.7603
8.5220 0.0000 5.0791
3.5064 0.0000 2.0898
8.3314 0.0000 4.9655
7.9008 0.0000 4.7089
6.6249 0.0000 3.9484
3.0668 0.0000 1.8278
3.5306 0.0000 2.1042
4.5778 0.0000 2.7284
4.9654 0.0000 2.9594
11.1027 0.0000 6.6172
8.1415 0.0000 4.8523
8.5192 0.0000 5.0774
7.9320 0.0000 4.7275
11.7267 0.0000 6.9891
13.3210 0.0000 7.9393
13.9372 0.0000 8.3066
14.7677 0.0000 8.8016
13.2275 0.0000 7.8836
4.5932 0.0000 2.7376
4.5366 0.0000 2.7038
12.7696 0.0000 7.6107
8.9627 0.0000 5.3418
9.3559 0.0000 5.5761
18.1642 0.0000 10.8258
9.5583 0.0000 5.6968
8.8636 0.0000 5.2827
9.1159 0.0000 5.4331
9.9087 0.0000 5.9056
17.5579 0.0000 10.4645
8.1297 0.0000 4.8453
7.5059 0.0000 4.4735
11.1915 0.0000 6.6701
3.1377 0.0000 1.8701
6.4725 0.0000 3.8576
7.3423 0.0000 4.3760
8.9439 0.0000 5.3306
10.3548 0.0000 6.1714
7.4173 0.0000 4.4207
7.5352 0.0000 4.4910
8.4841 0.0000 5.0565
12.7832 0.0000 7.6188
9.1378 0.0000 5.4461
10.0505 0.0000 5.9901
6.1589 0.0000 3.6707
5.5569 0.0000 3.3119
10.1569 0.0000 6.0535
5.2644 0.0000 3.1376
9.1025 0.0000 5.4251
8.5243 0.0000 5.0805
1.7482 0.0000 1.0419
12.5367 0.0000 7.4719
5.9597 0.0000 3.5520
12.9919 0.0000 7.7432
6.0881 0.0000 3.6285
14.0582 0.0000 8.3787
3.9408 0.0000 2.3487
6.1871 0.0000 3.6875
5.2045 0.0000 3.1019
10.0635 0.0000 5.9978
9.9258 0.0000 5.9158
5.7863 0.0000 3.4486
7.9204 0.0000 4.7205
1.6681 0.0000 0.9942
8.1266 0.0000 4.8434
14.5819 0.0000 8.6908
5.8607 0.0000 3.4930
8.1447 0.0000 4.8543
5.1455 0.0000 3.0667
4.0453 0.0000 2.4110
9.4152 0.0000 5.6114
9.6963 0.0000 5.7790
8.7143 0.0000 5.1937
10.4823 0.0000 6.2474
4.3274 0.0000 2.5791
14.4419 0.0000 8.6074
7.8504 0.0000 4.6788
7.8683 0.0000 4.6895
9.6823 0.0000 5.7707
5.6488 0.0000 3.3667
8.8709 0.0000 5.2871
7.1097 0.0000 4.2374
11.3143 0.0000 6.7433
8.8119 0.0000 5.2519
11.9740 0.0000 7.1365
13.9516 0.0000 8.3152
10.4464 0.0000 6.2260
6.3194 0.0000 3.7664
12.7579 0.0000 7.6037
6.8629 0.0000 4.0903
14.1497 0.0000 8.4332
14.4055 0.0000 8.5857
13.3039 0.0000 7.9291
16.1253 0.0000 9.6107
7.8966 0.0000 4.7064
9.6682 0.0000 5.7622
7.9564 0.0000 4.7420
6.4649 0.0000 3.8531
11.4835 0.0000 6.8442
5.3744 0.0000 3.2031
5.9454 0.0000 3.5435
13.1154 0.0000 7.8168
2.1088 0.0000 1.2568
19.0793 0.0000 11.3712
12.2255 0.0000 7.2864
11.0902 0.0000 6.6097
12.5632 0.0000 7.4876
12.8963 0.0000 7.6862
10.3129 0.0000 6.1465
3.5018 0.0000 2.0871
13.1913 0.0000 7.8620
15.1375 0.0000 9.0219
3.6817 0.0000 2.1943
8.3394 0.0000 4.9703
13.1682 0.0000 7.8482
9.8522 0.0000 5.8719
7.5818 0.0000 4.5187
16.0335 0.0000 9.5560
6.0914 0.0000 3.6305
7.7713 0.0000 4.6317
5.5227 0.0000 3.2916
11.1687 0.0000 6.6565
7.2096 0.0000 4.2969
7.7313 0.0000 4.6079
3.8538 0.0000 2.2969
9.7813 0.0000 5.8297
7.3926 0.0000 4.4060
9.2284 0.0000 5.5002
7.7024 0.0000 4.5906
9.7722 0.0000 5.8242
11.8098 0.0000 7.0386
8.8520 0.0000 5.2758
5.4708 0.0000 3.2606
5.6518 0.0000 3.3684
13.0128 0.0000 7.7556
11.6429 0.0000 6.9392
12.9473 0.0000 7.7166
9.0807 0.0000 5.4121
3.5551 0.0000 2.1188
11.6944 0.0000 6.9699
10.4991 0.0000 6.2574
9.7623 0.0000 5.8183
2.6404 0.0000 1.5737
10.4306 0.0000 6.2167
7.5567 0.0000 4.5038
6.7200 0.0000 4.0051
14.3142 0.0000 8.5312
5.7378 0.0000 3.4197
5.2803 0.0000 3.1471
4.3253 0.0000 2.5779
16.4169 0.0000 9.7845
11.1139 0.0000 6.6239
13.2693 0.0000 7.9085
10.9944 0.0000 6.5526
10.3510 0.0000 6.1692
5.7122 0.0000 3.4045
7.8006 0.0000 4.6492
5.8449 0.0000 3.4836
4.1633 0.0000 2.4813
4.8609 0.0000 2.8971
3.0347 0.0000 1.8087
2.5352 0.0000 1.5110
14.3975 0.0000 8.5809
5.2091 0.0000 3.1046
8.4122 0.0000 5.0137
4.8282 0.0000 2.8776
9.1832 0.0000 5.4732
4.3429 0.0000 2.5884
9.3328 0.0000 5.5623
6.9826 0.0000 4.1616
7.8845 0.0000 4.6992
9.8642 0.0000 5.8791
6.1822 0.0000 3.6846
7.7707 0.0000 4.6313
3.1070 0.0000 1.8518
4.7155 0.0000 2.8104
9.5233 0.0000 5.6759
12.8375 0.0000 7.6512
7.2385 0.0000 4.3142
7.3645 0.0000 4.3893
4.6710 0.0000 2.7839
9.1753 0.0000 5.4685
5.4757 0.0000 3.2635
11.4791 0.0000 6.8415
7.7106 0.0000 4.5955
5.9976 0.0000 3.5746
14.4638 0.0000 8.6205
10.8216 0.0000 6.4497
6.1252 0.0000 3.6506
4.6121 0.0000 2.7488
6.9327 0.0000 4.1319
9.9904 0.0000 5.9543
4.4533 0.0000 2.6542
5.5288 0.0000 3.2951
7.5595 0.0000 4.5054
3.9549 0.0000 2.3571
11.2984 0.0000 6.7338
3.8131 0.0000 2.2726
9.8066 0.0000 5.8447
5.3723 0.0000 3.2019
5.2301 0.0000 3.1171
14.5919 0.0000 8.6968
11.5143 0.0000 6.8625
5.0623 0.0000 3.0171
10.7364 0.0000 6.3989
7.5901 0.0000 4.5237
10.7335 0.0000 6.3972
5.1491 0.0000 3.0689
7.6199 0.0000 4.5414
5.0754 0.0000 3.0249
7.1300 0.0000 4.2495
6.4237 0.0000 3.8285
11.4796 0.0000 6.8418
4.0214 0.0000 2.3968
7.2949 0.0000 4.3478
14.7985 0.0000 8.8199
6.8468 0.0000 4.0807
4.7844 0.0000 2.8515
15.4691 0.0000 9.2196
2.6789 0.0000 1.5966
10.9499 0.0000 6.5262
2.7734 0.0000 1.6529
8.8131 0.0000 5.2526
8.9604 0.0000 5.3404
6.7498 0.0000 4.0229
12.7336 0.0000 7.5892
7.6377 0.0000 4.5521
8.4699 0.0000 5.0481
5.6734 0.0000 3.3813
6.5693 0.0000 3.9153
12.4952 0.0000 7.4471
7.7397 0.0000 4.6129
8.7672 0.0000 5.2253
12.3342 0.0000 7.3512
5.2786 0.0000 3.1460
11.3265 0.0000 6.7506
6.8676 0.0000 4.0931
14.5215 0.0000 8.6548
6.0013 0.0000 3.5768
5.1493 0.0000 3.0690
15.1217 0.0000 9.0125
3.7331 0.0000 2.2249
5.8573 0.0000 3.4909
7.9314 0.0000 4.7271
7.3222 0.0000 4.3640
12.2205 0.0000 7.2834
2.4456 0.0000 1.4576
11.9925 0.0000 7.1475
11.4212 0.0000 6.8070
16.2355 0.0000 9.6763
4.4290 0.0000 2.6397
5.2411 0.0000 3.1237
8.7817 0.0000 5.2339
7.3511 0.0000 4.3813
9.8225 0.0000 5.8542
4.0556 0.0000 2.4171
7.3828 0.0000 4.4001
11.3125 0.0000 6.7422
14.9164 0.0000 8.8901
5.2665 0.0000 3.1388
6.7475 0.0000 4.0215
9.3161 0.0000 5.5524
5.1960 0.0000 3.0968
10.0491 0.0000 5.9893
21.8159 0.0000 13.0023
5.4170 0.0000 3.2285
18.5775 0.0000 11.0722
4.2637 0.0000 2.5412
18.4451 0.0000 10.9933
12.6162 0.0000 7.5192
11.2501 0.0000 6.7050
6.5966 0.0000 3.9316
5.7427 0.0000 3.4226
10.2398 0.0000 6.1029
7.2091 0.0000 4.2966
4.2531 0.0000 2.5348
11.0142 0.0000 6.5645
7.1827 0.0000 4.2809
10.9588 0.0000 6.5315
7.9186 0.0000 4.7195
9.8715 0.0000 5.8834
12.5295 0.0000 7.4676
6.3362 0.0000 3.7764
7.8100 0.0000 4.6548
8.2068 0.0000 4.8912
7.7969 0.0000 4.6470
5.2186 0.0000 3.1103
12.9233 0.0000 7.7023
8.4715 0.0000 5.0490
5.7279 0.0000 3.4138
1.3779 0.0000 0.8212
12.6439 0.0000 7.5358
10.2625 0.0000 6.1165
9.1646 0.0000 5.4621
3.4735 0.0000 2.0702
5.1340 0.0000 3.0599
3.7879 0.0000 2.2576
11.7619 0.0000 7.0101
4.5720 0.0000 2.7249
4.1579 0.0000 2.4781
14.3437 0.0000 8.5489
7.7072 0.0000 4.5935
6.2358 0.0000 3.7166
6.7272 0.0000 4.0094
10.7801 0.0000 6.4249
8.0801 0.0000 4.8158
2.6419 0.0000 1.5746
4.3789 0.0000 2.6098
12.7892 0.0000 7.6223
8.3111 0.0000 4.9534
14.6824 0.0000 8.7507
5.5352 0.0000 3.2990
4.4371 0.0000 2.6445
8.0548 0.0000 4.8006
6.1680 0.0000 3.6761
9.7830 0.0000 5.8307
10.8140 0.0000 6.4452
6.1691 0.0000 3.6768
15.3619 0.0000 9.1557
5.8485 0.0000 3.4857
6.9029 0.0000 4.1141
4.2566 0.0000 2.5370
6.2116 0.0000 3.7021
10.8515 0.0000 6.4675
6.7748 0.0000 4.0378
9.7750 0.0000 5.8259
5.3153 0.0000 3.1679
7.8018 0.0000 4.6498
8.1121 0.0000 4.8348
4.8001 0.0000 2.8608
8.0122 0.0000 4.7752
8.0523 0.0000 4.7992
7.2148 0.0000 4.3000
11.8895 0.0000 7.0861
8.9121 0.0000 5.3116
6.9092 0.0000 4.1179
6.7243 0.0000 4.0077
8.5149 0.0000 5.0749
15.0430 0.0000 8.9656
10.2901 0.0000 6.1329
9.9660 0.0000 5.9397
7.0914 0.0000 4.2265
11.9383 0.0000 7.1152
2.1013 0.0000 1.2524
8.5792 0.0000 5.1132
8.3348 0.0000 4.9675
10.5354 0.0000 6.2791
2.5989 0.0000 1.5489
9.8390 0.0000 5.8640
9.1706 0.0000 5.4657
8.8062 0.0000 5.2485
5.3284 0.0000 3.1757
10.8389 0.0000 6.4600
6.6005 0.0000 3.9339
6.6822 0.0000 3.9826
10.8594 0.0000 6.4722
3.9390 0.0000 2.3476
10.1588 0.0000 6.0546
10.2678 0.0000 6.1196
11.6799 0.0000 6.9612
8.3251 0.0000 4.9617
4.2903 0.0000 2.5570
9.7706 0.0000 5.8233
8.7294 0.0000 5.2027
8.8453 0.0000 5.2718
10.1749 0.0000 6.0642
10.8251 0.0000 6.4517
8.9376 0.0000 5.3268
3.6142 0.0000 2.1540
6.0379 0.0000 3.5986
6.9316 0.0000 4.1312
12.3233 0.0000 7.3447
2.7006 0.0000 1.6096
12.7637 0.0000 7.6072
9.7681 0.0000 5.8218
6.1675 0.0000 3.6758
3.9496 0.0000 2.3540
8.5061 0.0000 5.0696
10.3213 0.0000 6.1515
12.0823 0.0000 7.2010
5.3302 0.0000 3.1768
4.8912 0.0000 2.9152
7.9471 0.0000 4.7365
12.5954 0.0000 7.5069
4.5509 0.0000 2.7124
9.3404 0.0000 5.5669
8.3895 0.0000 5.0001
9.8115 0.0000 5.8476
16.0341 0.0000 9.5563
11.5451 0.0000 6.8809
10.3996 0.0000 6.1982
4.6680 0.0000 2.7821
2.0437 0.0000 1.2180
5.1793 0.0000 3.0869
9.6768 0.0000 5.7674
7.7094 0.0000 4.5948
10.2566 0.0000 6.1130
7.4153 0.0000 4.4195
8.8015 0.0000 5.2457
8.4633 0.0000 5.0441
5.6456 0.0000 3.3648
10.1479 0.0000 6.0482
6.9253 0.0000 4.1275
5.3491 0.0000 3.1881
6.0462 0.0000 3.6035
5.0378 0.0000 3.0025
4.5308 0.0000 2.7004
7.2666 0.0000 4.3309
11.5898 0.0000 6.9075
5.6632 0.0000 3.3753
10.1478 0.0000 6.0481
6.9779 0.0000 4.1588
5.6444 0.0000 3.3641
16.6539 0.0000 9.9257
7.0426 0.0000 4.1974
5.9159 0.0000 3.5259
6.9404 0.0000 4.1365
9.5662 0.0000 5.7014
6.2418 0.0000 3.7201
1.6601 0.0000 0.9894
6.5133 0.0000 3.8819
5.8390 0.0000 3.4801
2.4006 0.0000 1.4308
3.5286 0.0000 2.1031
10.4284 0.0000 6.2153
12.7197 0.0000 7.5809
13.1614 0.0000 7.8442
8.2035 0.0000 4.8893
14.9633 0.0000 8.9182
5.8717 0.0000 3.4995
4.1550 0.0000 2.4764
4.9476 0.0000 2.9488
7.8709 0.0000 4.6910
3.7800 0.0000 2.2529
8.8271 0.0000 5.2609
10.1186 0.0000 6.0307
17.7372 0.0000 10.5714
5.4258 0.0000 3.2338
13.4824 0.0000 8.0355
7.2816 0.0000 4.3398
9.3778 0.0000 5.5892
8.5711 0.0000 5.1084
6.0260 0.0000 3.5915
7.4283 0.0000 4.4272
8.2958 0.0000 4.9443
9.5076 0.0000 5.6665
7.3392 0.0000 4.3741
11.5612 0.0000 6.8905
5.7216 0.0000 3.4101
17.5907 0.0000 10.4841
1.8102 0.0000 1.0789
9.0162 0.0000 5.3737
7.0053 0.0000 4.1752
6.8154 0.0000 4.0619
7.0528 0.0000 4.2034
4.4075 0.0000 2.6268
8.0733 0.0000 4.8117
10.8004 0.0000 6.4370
7.0474 0.0000 4.2003
3.9580 0.0000 2.3590
6.8669 0.0000 4.0927
5.2147 0.0000 3.1079
9.8856 0.0000 5.8918
7.0816 0.0000 4.2207
5.1601 0.0000 3.0754
8.4312 0.0000 5.0250
11.7657 0.0000 7.0124
3.9349 0.0000 2.3452
4.9804 0.0000 2.9683
7.3759 0.0000 4.3960
16.8242 0.0000 10.0272
15.0518 0.0000 8.9708
7.1648 0.0000 4.2702
7.6189 0.0000 4.5409
4.8953 0.0000 2.9176
6.0695 0.0000 3.6174
6.6847 0.0000 3.9841
6.4073 0.0000 3.8187
12.4400 0.0000 7.4142
7.8875 0.0000 4.7009
14.0345 0.0000 8.3646
7.5476 0.0000 4.4984
8.9413 0.0000 5.3290
4.6096 0.0000 2.7473
10.5163 0.0000 6.2677
2.9309 0.0000 1.7468
10.7332 0.0000 6.3970
10.4065 0.0000 6.2023
10.5374 0.0000 6.2803
9.0735 0.0000 5.4078
7.5264 0.0000 4.4857
8.0504 0.0000 4.7980
7.3857 0.0000 4.4019
9.7090 0.0000 5.7866
9.5745 0.0000 5.7064
9.9416 0.0000 5.9252
6.1623 0.0000 3.6727
4.6151 0.0000 2.7506
6.4602 0.0000 3.8503
5.6338 0.0000 3.3578
4.4713 0.0000 2.6649
4.3374 0.0000 2.5851
9.6150 0.0000 5.7305
2.7713 0.0000 1.6517
5.8475 0.0000 3.4851
8.2571 0.0000 4.9212
5.8561 0.0000 3.4902
7.2896 0.0000 4.3446
7.9414 0.0000 4.7331
2.2393 0.0000 1.3346
8.4349 0.0000 5.0272
3.7015 0.0000 2.2061
5.2341 0.0000 3.1195
10.2804 0.0000 6.1271
7.1658 0.0000 4.2708
3.7492 0.0000 2.2345
3.9816 0.0000 2.3730
9.6226 0.0000 5.7351
9.5270 0.0000 5.6781
8.5507 0.0000 5.0962
8.9514 0.0000 5.3351
11.4755 0.0000 6.8394
9.0862 0.0000 5.4154
5.2022 0.0000 3.1005
14.9790 0.0000 8.9275
14.8420 0.0000 8.8458
6.7665 0.0000 4.0328
3.9922 0.0000 2.3793
6.7052 0.0000 3.9963
8.4726 0.0000 5.0497
19.3592 0.0000 11.5381
11.1883 0.0000 6.6682
8.3488 0.0000 4.9759
5.5552 0.0000 3.3109
2.0991 0.0000 1.2511
6.2726 0.0000 3.7385
9.1649 0.0000 5.4623
4.0704 0.0000 2.4259
15.4367 0.0000 9.2003
9.8635 0.0000 5.8786
10.9688 0.0000 6.5374
4.9379 0.0000 2.9430
10.2773 0.0000 6.1253
11.8428 0.0000 7.0583
8.2629 0.0000 4.9247
5.7211 0.0000 3.4098
0.8275 0.0000 0.4932
12.3431 0.0000 7.3565
12.2116 0.0000 7.2781
6.0609 0.0000 3.6123
4.3468 0.0000 2.5907
5.1671 0.0000 3.0796
6.8780 0.0000 4.0993
12.3486 0.0000 7.3597
5.6313 0.0000 3.3562
7.3597 0.0000 4.3864
8.7295 0.0000 5.2028
9.0975 0.0000 5.4221
6.7296 0.0000 4.0109
5.8446 0.0000 3.4834
4.9713 0.0000 2.9629
9.7325 0.0000 5.8006
9.8112 0.0000 5.8475
9.7314 0.0000 5.7999
9.1248 0.0000 5.4384
5.4497 0.0000 3.2480
5.1161 0.0000 3.0492
7.0697 0.0000 4.2136
8.0615 0.0000 4.8046
4.5223 0.0000 2.6953
2.7104 0.0000 1.6154
1.6813 0.0000 1.0020
12.2395 0.0000 7.2948
8.1000 0.0000 4.8276
5.8529 0.0000 3.4884
13.7165 0.0000 8.1750
6.0736 0.0000 3.6199
10.8715 0.0000 6.4794
8.6537 0.0000 5.1576
5.3760 0.0000 3.2041
5.9108 0.0000 3.5228
10.1739 0.0000 6.0637
12.4525 0.0000 7.4217
11.0064 0.0000 6.5598
23.7666 0.0000 14.1649
8.9685 0.0000 5.3453
10.7096 0.0000 6.3829
14.5532 0.0000 8.6737
2.8679 0.0000 1.7093
10.0384 0.0000 5.9829
14.5093 0.0000 8.6475
4.7058 0.0000 2.8047
7.1241 0.0000 4.2459
12.0255 0.0000 7.1672
11.8151 0.0000 7.0418
7.2014 0.0000 4.2921
9.1629 0.0000 5.4611
8.9461 0.0000 5.3319
6.9759 0.0000 4.1576
8.2296 0.0000 4.9048
6.8661 0.0000 4.0922
12.5804 0.0000 7.4979
6.5152 0.0000 3.8830
6.8581 0.0000 4.0875
6.0640 0.0000 3.6142
11.6790 0.0000 6.9607
4.5996 0.0000 2.7413
17.9285 0.0000 10.6854
10.9020 0.0000 6.4976
14.3923 0.0000 8.5778
17.0731 0.0000 10.1756
13.1971 0.0000 7.8655
11.6186 0.0000 6.9247
13.9333 0.0000 8.3043
11.7799 0.0000 7.0208
2.2107 0.0000 1.3176
6.3856 0.0000 3.8058
16.6729 0.0000 9.9371
11.4746 0.0000 6.8388
7.4298 0.0000 4.4282
4.4606 0.0000 2.6585
7.7135 0.0000 4.5972
11.6487 0.0000 6.9426
5.2676 0.0000 3.1395
16.9452 0.0000 10.0993
17.9492 0.0000 10.6977
13.0192 0.0000 7.7595
13.2506 0.0000 7.8973
12.3405 0.0000 7.3549
5.8706 0.0000 3.4989
13.5651 0.0000 8.0848
14.7184 0.0000 8.7722
11.1594 0.0000 6.6510
5.8312 0.0000 3.4754
4.9867 0.0000 2.9721
12.5493 0.0000 7.4794
6.5321 0.0000 3.8931
6.0510 0.0000 3.6064
8.1696 0.0000 4.8691
7.7536 0.0000 4.6211
5.8233 0.0000 3.4707
3.1861 0.0000 1.8989
5.9814 0.0000 3.5649
4.3929 0.0000 2.6182
10.8226 0.0000 6.4503
11.8607 0.0000 7.0690
6.5892 0.0000 3.9272
7.9353 0.0000 4.7294
9.7799 0.0000 5.8288
9.9379 0.0000 5.9230
16.9312 0.0000 10.0910
14.1930 0.0000 8.4590
2.1071 0.0000 1.2559
7.4090 0.0000 4.4158
11.2708 0.0000 6.7174
11.2339 0.0000 6.6954
9.7758 0.0000 5.8264
6.9899 0.0000 4.1660
4.7337 0.0000 2.8213
7.4690 0.0000 4.4515
6.3460 0.0000 3.7822
4.9700 0.0000 2.9621
10.1102 0.0000 6.0257
11.2847 0.0000 6.7257
13.6046 0.0000 8.1083
11.8282 0.0000 7.0496
8.7044 0.0000 5.1878
14.0133 0.0000 8.3519
7.6978 0.0000 4.5879
13.3607 0.0000 7.9630
17.6222 0.0000 10.5028
10.9357 0.0000 6.5177
10.2111 0.0000 6.0858
9.7784 0.0000 5.8279
4.2238 0.0000 2.5174
8.8207 0.0000 5.2571
16.1890 0.0000 9.6487
4.7681 0.0000 2.8418
9.8263 0.0000 5.8565
14.5359 0.0000 8.6634
5.7088 0.0000 3.4024
2.0372 0.0000 1.2142
3.2893 0.0000 1.9604
5.2328 0.0000 3.1188
9.6692 0.0000 5.7628
10.0915 0.0000 6.0146
8.0393 0.0000 4.7914
7.4365 0.0000 4.4322
12.1007 0.0000 7.2120
9.2967 0.0000 5.5408
11.9589 0.0000 7.1275
4.8006 0.0000 2.8611
10.2727 0.0000 6.1225
10.8944 0.0000 6.4931
5.4133 0.0000 3.2263
8.7360 0.0000 5.2066
7.3493 0.0000 4.3802
11.5594 0.0000 6.8894
17.7735 0.0000 10.5930
12.0140 0.0000 7.1603
14.6629 0.0000 8.7391
6.2973 0.0000 3.7532
19.7804 0.0000 11.7891
6.1774 0.0000 3.6818
6.6752 0.0000 3.9784
7.6457 0.0000 4.5568
9.4130 0.0000 5.6102
17.2582 0.0000 10.2859
14.8552 0.0000 8.8537
8.3743 0.0000 4.9911
6.3521 0.0000 3.7859
12.8118 0.0000 7.6358
11.4728 0.0000 6.8378
5.9410 0.0000 3.5409
11.1360 0.0000 6.6370
10.8902 0.0000 6.4905
10.1602 0.0000 6.0555
12.4997 0.0000 7.4498
5.3097 0.0000 3.1646
9.2014 0.0000 5.4840
2.1804 0.0000 1.2995
8.1569 0.0000 4.8615
7.2760 0.0000 4.3365
12.2676 0.0000 7.3115
1.7536 0.0000 1.0452
15.8341 0.0000 9.4371
3.7479 0.0000 2.2337
13.4891 0.0000 8.0395
6.1594 0.0000 3.6710
3.4990 0.0000 2.0854
8.5345 0.0000 5.0865
15.1337 0.0000 9.0197
9.0476 0.0000 5.3924
10.9001 0.0000 6.4965
2.3854 0.0000 1.4217
7.0327 0.0000 4.1915
4.6520 0.0000 2.7726
10.4688 0.0000 6.2394
11.8851 0.0000 7.0835
12.3505 0.0000 7.3609
14.0821 0.0000 8.3929
6.1348 0.0000 3.6563
12.4134 0.0000 7.3984
9.1503 0.0000 5.4536
5.7696 0.0000 3.4387
5.3240 0.0000 3.1731
6.6132 0.0000 3.9414
9.4891 0.0000 5.6555
6.6651 0.0000 3.9724
6.0815 0.0000 3.6245
10.5411 0.0000 6.2825
6.0725 0.0000 3.6192
14.5304 0.0000 8.6601
4.6481 0.0000 2.7703
5.3534 0.0000 3.1907
10.3494 0.0000 6.1683
8.3444 0.0000 4.9732
3.9984 0.0000 2.3830
8.6082 0.0000 5.1305
2.5041 0.0000 1.4925
2.3373 0.0000 1.3930
4.3654 0.0000 2.6018
8.4007 0.0000 5.0068
7.4061 0.0000 4.4140
5.0716 0.0000 3.0227
7.9193 0.0000 4.7199
8.2493 0.0000 4.9166
8.6140 0.0000 5.1340
8.7271 0.0000 5.2013
7.7901 0.0000 4.6429
8.9603 0.0000 5.3404
9.7765 0.0000 5.8268
12.8266 0.0000 7.6447
7.2166 0.0000 4.3011
5.7443 0.0000 3.4236
13.0751 0.0000 7.7928
7.3598 0.0000 4.3864
6.5549 0.0000 3.9067
6.1527 0.0000 3.6670
3.8717 0.0000 2.3076
16.1026 0.0000 9.5972
17.2617 0.0000 10.2879
8.3847 0.0000 4.9973
1.6458 0.0000 0.9809
2.0555 0.0000 1.2251
9.4345 0.0000 5.6230
9.4502 0.0000 5.6323
7.3679 0.0000 4.3912
10.8598 0.0000 6.4725
9.0018 0.0000 5.3651
13.9372 0.0000 8.3066
11.4342 0.0000 6.8148
6.2236 0.0000 3.7093
8.5137 0.0000 5.0742
4.7520 0.0000 2.8322
11.3847 0.0000 6.7853
8.8001 0.0000 5.2449
15.2549 0.0000 9.0919
9.8008 0.0000 5.8413
7.1455 0.0000 4.2587
8.7720 0.0000 5.2281
2.9688 0.0000 1.7694
2.3378 0.0000 1.3934
10.4005 0.0000 6.1987
1.8458 0.0000 1.1001
4.8036 0.0000 2.8630
6.0934 0.0000 3.6317
5.1237 0.0000 3.0537
6.3465 0.0000 3.7825
12.5417 0.0000 7.4749
7.3913 0.0000 4.4052
6.8524 0.0000 4.0840
7.3424 0.0000 4.3761
4.6709 0.0000 2.7839
10.6501 0.0000 6.3474
3.7341 0.0000 2.2255
4.3565 0.0000 2.5964
8.5323 0.0000 5.0853
6.4742 0.0000 3.8586
8.9376 0.0000 5.3268
3.2604 0.0000 1.9432
9.4497 0.0000 5.6320
15.8422 0.0000 9.4420
9.0658 0.0000 5.4032
10.8897 0.0000 6.4903
4.1260 0.0000 2.4591
7.7092 0.0000 4.5947
7.3892 0.0000 4.4040
4.1485 0.0000 2.4725
9.7630 0.0000 5.8187
9.7216 0.0000 5.7941
5.0978 0.0000 3.0383
8.5640 0.0000 5.1042
5.3222 0.0000 3.1720
5.9761 0.0000 3.5617
7.4601 0.0000 4.4462
9.5813 0.0000 5.7105
13.0513 0.0000 7.7786
8.5789 0.0000 5.1130
5.6058 0.0000 3.3410
2.7029 0.0000 1.6109
14.3503 0.0000 8.5528
6.7580 0.0000 4.0277
5.0955 0.0000 3.0369
7.9627 0.0000 4.7458
15.7091 0.0000 9.3626
10.2647 0.0000 6.1178
9.3369 0.0000 5.5648
4.1764 0.0000 2.4891
5.4141 0.0000 3.2268
9.7559 0.0000 5.8145
9.1357 0.0000 5.4449
6.8318 0.0000 4.0717
5.8791 0.0000 3.5040
10.5394 0.0000 6.2815
8.1965 0.0000 4.8851
4.0212 0.0000 2.3966
9.4345 0.0000 5.6230
7.8424 0.0000 4.6741
13.2250 0.0000 7.8821
11.1103 0.0000 6.6218
8.6411 0.0000 5.1501
12.4308 0.0000 7.4088
5.3397 0.0000 3.1825
8.3225 0.0000 4.9602
6.3468 0.0000 3.7827
3.0867 0.0000 1.8397
14.3779 0.0000 8.5692
8.7549 0.0000 5.2179
13.8532 0.0000 8.2565
8.0307 0.0000 4.7863
7.2619 0.0000 4.3281
5.0035 0.0000 2.9821
11.4756 0.0000 6.8394
5.3107 0.0000 3.1652
7.5885 0.0000 4.5227
13.1255 0.0000 7.8228
4.5991 0.0000 2.7411
11.5001 0.0000 6.8541
13.7518 0.0000 8.1961
7.5661 0.0000 4.5094
6.1151 0.0000 3.6446
8.1589 0.0000 4.8627
18.6271 0.0000 11.1018
8.7643 0.0000 5.2235
11.6832 0.0000 6.9632
9.1945 0.0000 5.4799
7.4856 0.0000 4.4614
4.7928 0.0000 2.8565
5.4125 0.0000 3.2259
6.7172 0.0000 4.0035
2.4749 0.0000 1.4750
7.9566 0.0000 4.7421
10.6109 0.0000 6.3241
8.3467 0.0000 4.9746
6.7539 0.0000 4.0253
6.5874 0.0000 3.9261
3.9942 0.0000 2.3806
15.0718 0.0000 8.9828
13.4967 0.0000 8.0440
9.8844 0.0000 5.8911
4.9504 0.0000 2.9504
13.4476 0.0000 8.0148
5.7072 0.0000 3.4015
12.2877 0.0000 7.3235
1.3843 0.0000 0.8250
10.4091 0.0000 6.2038
11.7358 0.0000 6.9945
8.3380 0.0000 4.9694
7.9579 0.0000 4.7429
11.9091 0.0000 7.0978
7.1710 0.0000 4.2739
5.5035 0.0000 3.2801
8.8449 0.0000 5.2716
6.9134 0.0000 4.1204
2.8116 0.0000 1.6757
15.0643 0.0000 8.9783
18.7648 0.0000 11.1838
11.0359 0.0000 6.5774
10.7334 0.0000 6.3971
9.2970 0.0000 5.5410
10.5954 0.0000 6.3149
4.2899 0.0000 2.5568
12.2043 0.0000 7.2738
1.3434 0.0000 0.8007
4.7625 0.0000 2.8385
13.9557 0.0000 8.3176
15.8224 0.0000 9.4301
5.1607 0.0000 3.0758
6.0549 0.0000 3.6087
10.4216 0.0000 6.2113
9.6999 0.0000 5.7811
2.5563 0.0000 1.5235
6.8157 0.0000 4.0622
11.1637 0.0000 6.6535
12.5642 0.0000 7.4883
6.9318 0.0000 4.1314
6.8627 0.0000 4.0902
10.1663 0.0000 6.0591
5.0952 0.0000 3.0368
4.8690 0.0000 2.9019
8.5132 0.0000 5.0739
3.8586 0.0000 2.2997
18.5046 0.0000 11.0287
3.8345 0.0000 2.2853
9.0601 0.0000 5.3998
2.4204 0.0000 1.4426
6.0134 0.0000 3.5840
9.4244 0.0000 5.6169
7.7893 0.0000 4.6425
6.8828 0.0000 4.1021
7.3124 0.0000 4.3582
6.9930 0.0000 4.1679
2.3912 0.0000 1.4252
5.7892 0.0000 3.4504
4.3301 0.0000 2.5807
9.9204 0.0000 5.9126
4.3022 0.0000 2.5641
6.7168 0.0000 4.0032
6.7783 0.0000 4.0398
8.4819 0.0000 5.0552
10.1248 0.0000 6.0344
12.0522 0.0000 7.1831
5.0277 0.0000 2.9965
9.3695 0.0000 5.5842
3.9523 0.0000 2.3556
3.3400 0.0000 1.9907
0.9881 0.0000 0.5889
5.3988 0.0000 3.2177
4.5426 0.0000 2.7074
7.3283 0.0000 4.3677
10.2605 0.0000 6.1153
7.6590 0.0000 4.5648
11.1316 0.0000 6.6344
3.5326 0.0000 2.1054
6.3966 0.0000 3.8124
5.6641 0.0000 3.3758
4.7061 0.0000 2.8048
5.3841 0.0000 3.2089
3.6264 0.0000 2.1614
9.3122 0.0000 5.5501
5.4296 0.0000 3.2361
10.4421 0.0000 6.2235
8.5903 0.0000 5.1198
6.2055 0.0000 3.6985
5.2325 0.0000 3.1186
14.8977 0.0000 8.8790
12.9465 0.0000 7.7161
4.8803 0.0000 2.9087
8.5198 0.0000 5.0778
6.1975 0.0000 3.6937
6.9800 0.0000 4.1601
2.3240 0.0000 1.3851
5.3670 0.0000 3.1988
11.5690 0.0000 6.8951
4.7640 0.0000 2.8394
16.1154 0.0000 9.6048
6.2133 0.0000 3.7032
5.6871 0.0000 3.3895
14.1711 0.0000 8.4460
12.0834 0.0000 7.2017
2.5224 0.0000 1.5034
9.6766 0.0000 5.7673
5.3548 0.0000 3.1915
5.5708 0.0000 3.3202
9.0293 0.0000 5.3814
7.9484 0.0000 4.7372
7.7562 0.0000 4.6227
6.4659 0.0000 3.8537
8.3598 0.0000 4.9824
10.0718 0.0000 6.0028
5.0344 0.0000 3.0005
5.7489 0.0000 3.4264
8.4004 0.0000 5.0067
13.2009 0.0000 7.8677
10.5216 0.0000 6.2709
5.3630 0.0000 3.1964
8.9159 0.0000 5.3139
4.9882 0.0000 2.9730
4.0789 0.0000 2.4310
6.6524 0.0000 3.9648
4.8169 0.0000 2.8709
5.1499 0.0000 3.0694
11.7289 0.0000 6.9905
9.6537 0.0000 5.7536
12.4182 0.0000 7.4012
7.8438 0.0000 4.6749
6.6774 0.0000 3.9797
13.0800 0.0000 7.7957
4.9172 0.0000 2.9306
9.5387 0.0000 5.6851
13.3531 0.0000 7.9585
18.2092 0.0000 10.8527
12.1617 0.0000 7.2484
12.3826 0.0000 7.3801
5.4431 0.0000 3.2441
8.0753 0.0000 4.8129
6.3520 0.0000 3.7858
8.9106 0.0000 5.3107
6.7882 0.0000 4.0458
3.0761 0.0000 1.8334
5.8617 0.0000 3.4936
10.4817 0.0000 6.2471
2.3685 0.0000 1.4116
7.1089 0.0000 4.2369
11.3698 0.0000 6.7764
11.2562 0.0000 6.7087
11.0984 0.0000 6.6146
15.8071 0.0000 9.4210
9.9777 0.0000 5.9467
6.4167 0.0000 3.8244
13.0186 0.0000 7.7591
6.3813 0.0000 3.8032
6.6325 0.0000 3.9530
4.5952 0.0000 2.7387
9.9927 0.0000 5.9556
8.2577 0.0000 4.9216
12.2605 0.0000 7.3073
14.3997 0.0000 8.5822
13.4912 0.0000 8.0408
4.5321 0.0000 2.7011
8.1995 0.0000 4.8869
17.1701 0.0000 10.2334
3.1340 0.0000 1.8678
15.0860 0.0000 8.9912
8.8153 0.0000 5.2539
6.4104 0.0000 3.8206
12.6473 0.0000 7.5378
4.9149 0.0000 2.9293
17.8207 0.0000 10.6212
6.5347 0.0000 3.8947
6.7977 0.0000 4.0514
5.2479 0.0000 3.1278
5.5961 0.0000 3.3353
14.1795 0.0000 8.4510
9.0509 0.0000 5.3943
8.4642 0.0000 5.0447
5.9138 0.0000 3.5246
8.2323 0.0000 4.9064
7.7695 0.0000 4.6306
5.8139 0.0000 3.4651
6.0267 0.0000 3.5919
9.6928 0.0000 5.7769
5.2501 0.0000 3.1290
14.5884 0.0000 8.6947
2.7145 0.0000 1.6179
4.7842 0.0000 2.8514
8.5015 0.0000 5.0669
3.6607 0.0000 2.1818
7.0241 0.0000 4.1864
15.0890 0.0000 8.9931
10.7198 0.0000 6.3890
7.2552 0.0000 4.3241
5.2467 0.0000 3.1271
11.3177 0.0000 6.7454
8.2815 0.0000 4.9358
5.3604 0.0000 3.1948
9.3466 0.0000 5.5706
3.3349 0.0000 1.9876
6.4447 0.0000 3.8410
11.9767 0.0000 7.1381
7.4659 0.0000 4.4497
11.9578 0.0000 7.1268
3.7227 0.0000 2.2187
6.7575 0.0000 4.0275
11.3541 0.0000 6.7670
7.2073 0.0000 4.2956
12.2433 0.0000 7.2970
9.6667 0.0000 5.7613
12.5462 0.0000 7.4775
5.9901 0.0000 3.5701
4.2442 0.0000 2.5295
6.9318 0.0000 4.1314
17.3307 0.0000 10.3291
10.7761 0.0000 6.4226
5.1946 0.0000 3.0960
9.9767 0.0000 5.9461
9.2723 0.0000 5.5263
4.6437 0.0000 2.7676
4.4502 0.0000 2.6523
2.9917 0.0000 1.7830
7.4717 0.0000 4.4531
3.6164 0.0000 2.1554
5.4936 0.0000 3.2742
10.3493 0.0000 6.1682
14.3007 0.0000 8.5232
12.1423 0.0000 7.2368
2.5388 0.0000 1.5132
11.2427 0.0000 6.7006
8.8060 0.0000 5.2484
10.7720 0.0000 6.4201
3.5539 0.0000 2.1181
8.5740 0.0000 5.1101
8.7017 0.0000 5.1862
15.3017 0.0000 9.1198
4.0701 0.0000 2.4258
5.2881 0.0000 3.1517
8.0953 0.0000 4.8248
12.5091 0.0000 7.4554
8.3134 0.0000 4.9548
3.5353 0.0000 2.1071
15.7539 0.0000 9.3893
11.6587 0.0000 6.9486
5.3195 0.0000 3.1704
11.7408 0.0000 6.9975
14.4093 0.0000 8.5879
4.8264 0.0000 2.8766
5.9359 0.0000 3.5378
10.4113 0.0000 6.2051
6.6599 0.0000 3.9693
6.4603 0.0000 3.8503
7.0197 0.0000 4.1837
3.0777 0.0000 1.8343
0.5537 0.0000 0.3300
12.9988 0.0000 7.7473
5.5452 0.0000 3.3050
9.3160 0.0000 5.5523
3.7859 0.0000 2.2564
6.5930 0.0000 3.9295
8.9100 0.0000 5.3104
3.3347 0.0000 1.9875
4.7837 0.0000 2.8511
6.9257 0.0000 4.1277
11.4674 0.0000 6.8345
2.8161 0.0000 1.6784
10.6392 0.0000 6.3410
5.9385 0.0000 3.5394
8.5572 0.0000 5.1001
7.2419 0.0000 4.3161
9.2695 0.0000 5.5246
6.1579 0.0000 3.6701
4.7563 0.0000 2.8348
7.6172 0.0000 4.5398
14.0537 0.0000 8.3760
7.8220 0.0000 4.6619
5.8667 0.0000 3.4966
7.5361 0.0000 4.4915
8.5472 0.0000 5.0942
5.3209 0.0000 3.1713
8.3923 0.0000 5.0018
4.6833 0.0000 2.7913
3.5936 0.0000 2.1418
13.0678 0.0000 7.7884
13.0320 0.0000 7.7671
9.8898 0.0000 5.8943
4.0397 0.0000 2.4077
12.8102 0.0000 7.6349
4.2784 0.0000 2.5499
9.2062 0.0000 5.4869
8.2338 0.0000 4.9073
9.0423 0.0000 5.3892
8.7495 0.0000 5.2147
6.4581 0.0000 3.8490
11.7559 0.0000 7.0065
6.5209 0.0000 3.8864
9.3180 0.0000 5.5535
7.6974 0.0000 4.5876
6.7422 0.0000 4.0183
8.0998 0.0000 4.8275
12.9333 0.0000 7.7083
13.7791 0.0000 8.2124
11.8328 0.0000 7.0524
9.7463 0.0000 5.8088
14.5218 0.0000 8.6550
8.0964 0.0000 4.8254
10.7293 0.0000 6.3946
6.5943 0.0000 3.9302
7.0235 0.0000 4.1860
8.0302 0.0000 4.7860
15.6334 0.0000 9.3175
9.1516 0.0000 5.4544
5.9200 0.0000 3.5283
5.2977 0.0000 3.1574
3.7990 0.0000 2.2642
5.5807 0.0000 3.3261
5.2915 0.0000 3.1538
6.8400 0.0000 4.0767
10.6793 0.0000 6.3649
5.8332 0.0000 3.4766
8.0282 0.0000 4.7848
7.0450 0.0000 4.1988
7.2348 0.0000 4.3119
7.6451 0.0000 4.5565
12.9977 0.0000 7.7466
11.4440 0.0000 6.8206
4.3862 0.0000 2.6142
8.0738 0.0000 4.8120
3.4077 0.0000 2.0310
10.7727 0.0000 6.4205
0.8350 0.0000 0.4976
11.6271 0.0000 6.9298
14.9613 0.0000 8.9169
7.2763 0.0000 4.3367
11.2459 0.0000 6.7026
12.5156 0.0000 7.4593
8.8084 0.0000 5.2498
9.1688 0.0000 5.4646
14.8816 0.0000 8.8694
9.5532 0.0000 5.6937
8.2612 0.0000 4.9237
6.9015 0.0000 4.1133
8.5347 0.0000 5.0867
14.3230 0.0000 8.5365
5.1291 0.0000 3.0570
4.3883 0.0000 2.6155
8.2814 0.0000 4.9357
3.5563 0.0000 2.1195
10.5094 0.0000 6.2636
6.9680 0.0000 4.1529
8.2070 0.0000 4.8914
4.7898 0.0000 2.8547
5.9905 0.0000 3.5704
6.5564 0.0000 3.9076
11.2059 0.0000 6.6787
5.9508 0.0000 3.5467
6.6483 0.0000 3.9624
9.2870 0.0000 5.5351
6.9081 0.0000 4.1172
4.6739 0.0000 2.7856
6.8971 0.0000 4.1106
9.2578 0.0000 5.5176
12.5269 0.0000 7.4660
8.7309 0.0000 5.2036
3.1585 0.0000 1.8825
9.0524 0.0000 5.3952
8.0701 0.0000 4.8098
7.7105 0.0000 4.5954
8.8968 0.0000 5.3025
5.4884 0.0000 3.2711
7.9279 0.0000 4.7250
18.7480 0.0000 11.1738
5.4451 0.0000 3.2453
11.8069 0.0000 7.0369
2.3673 0.0000 1.4109
5.6143 0.0000 3.3461
11.0402 0.0000 6.5799
6.6001 0.0000 3.9337
9.0967 0.0000 5.4216
4.5985 0.0000 2.7407
9.6367 0.0000 5.7435
5.8148 0.0000 3.4656
8.8260 0.0000 5.2603
6.9116 0.0000 4.1193
5.8128 0.0000 3.4644
13.9141 0.0000 8.2928
6.0062 0.0000 3.5797
3.3943 0.0000 2.0230
10.6501 0.0000 6.3475
6.5718 0.0000 3.9168
7.9026 0.0000 4.7100
6.9589 0.0000 4.1475
12.4660 0.0000 7.4297
19.8671 0.0000 11.8408
7.3440 0.0000 4.3770
12.8176 0.0000 7.6393
8.0076 0.0000 4.7725
10.3501 0.0000 6.1686
11.1715 0.0000 6.6582
5.5863 0.0000 3.3294
2.6002 0.0000 1.5497
6.3419 0.0000 3.7797
10.4007 0.0000 6.1988
9.4466 0.0000 5.6302
9.2384 0.0000 5.5061
9.3185 0.0000 5.5538
4.2119 0.0000 2.5103
5.5941 0.0000 3.3341
14.3318 0.0000 8.5417
9.4848 0.0000 5.6529
10.9430 0.0000 6.5220
8.2733 0.0000 4.9309
11.0883 0.0000 6.6086
12.4158 0.0000 7.3998
14.0469 0.0000 8.3719
8.3503 0.0000 4.9768
6.4312 0.0000 3.8330
4.8640 0.0000 2.8989
8.2978 0.0000 4.9455
10.4557 0.0000 6.2316
4.2417 0.0000 2.5280
10.9027 0.0000 6.4980
8.7380 0.0000 5.2079
11.5765 0.0000 6.8996
2.5227 0.0000 1.5035
7.5031 0.0000 4.4718
13.4323 0.0000 8.0057
10.4739 0.0000 6.2425
8.2150 0.0000 4.8961
14.8400 0.0000 8.8446
9.0117 0.0000 5.3710
9.5107 0.0000 5.6684
8.0921 0.0000 4.8229
16.8846 0.0000 10.0632
4.1074 0.0000 2.4480
9.9444 0.0000 5.9269
4.1628 0.0000 2.4810
13.7050 0.0000 8.1682
14.0355 0.0000 8.3652
11.1108 0.0000 6.6220
6.5198 0.0000 3.8858
2.9687 0.0000 1.7693
6.9755 0.0000 4.1574
7.4477 0.0000 4.4388
6.2585 0.0000 3.7301
6.9351 0.0000 4.1333
13.1600 0.0000 7.8434
12.5221 0.0000 7.4632
7.7500 0.0000 4.6190
13.2083 0.0000 7.8722
11.5828 0.0000 6.9034
6.2363 0.0000 3.7168
12.9761 0.0000 7.7338
6.1970 0.0000 3.6934
8.8241 0.0000 5.2592
6.7470 0.0000 4.0212
6.8031 0.0000 4.0546
12.6884 0.0000 7.5623
4.4785 0.0000 2.6692
9.9332 0.0000 5.9202
4.9864 0.0000 2.9719
3.2586 0.0000 1.9421
4.6077 0.0000 2.7462
2.2936 0.0000 1.3670
9.9005 0.0000 5.9007
16.1164 0.0000 9.6054
9.2512 0.0000 5.5137
14.8041 0.0000 8.8232
5.7905 0.0000 3.4512
5.5739 0.0000 3.3221
10.3265 0.0000 6.1546
4.7027 0.0000 2.8028
7.6067 0.0000 4.5336
15.3543 0.0000 9.1512
5.6633 0.0000 3.3753
5.9114 0.0000 3.5232
16.4308 0.0000 9.7927
4.3537 0.0000 2.5948
11.6156 0.0000 6.9229
8.8813 0.0000 5.2932
15.8365 0.0000 9.4386
5.9543 0.0000 3.5488
15.3354 0.0000 9.1399
10.2086 0.0000 6.0843
4.0933 0.0000 2.4396
7.6200 0.0000 4.5415
9.9917 0.0000 5.9550
13.0361 0.0000 7.7695
7.5741 0.0000 4.5142
3.3035 0.0000 1.9689
8.7449 0.0000 5.2120
6.3373 0.0000 3.7770
10.7852 0.0000 6.4280
6.3401 0.0000 3.7787
11.8384 0.0000 7.0557
5.4630 0.0000 3.2559
1.9126 0.0000 1.1399
9.7972 0.0000 5.8391
8.6802 0.0000 5.1734
14.9131 0.0000 8.8882
10.6522 0.0000 6.3487
9.8958 0.0000 5.8979
9.1639 0.0000 5.4617
2.6974 0.0000 1.6076
11.7123 0.0000 6.9805
4.6727 0.0000 2.7849
2.3376 0.0000 1.3932
7.8195 0.0000 4.6604
6.4956 0.0000 3.8714
9.0005 0.0000 5.3643
4.5607 0.0000 2.7182
8.5386 0.0000 5.0890
6.2287 0.0000 3.7123
6.7517 0.0000 4.0240
5.3602 0.0000 3.1947
13.1236 0.0000 7.8217
7.8345 0.0000 4.6694
6.4281 0.0000 3.8312
14.9153 0.0000 8.8895
17.3642 0.0000 10.3491
10.7115 0.0000 6.3840
9.2270 0.0000 5.4993
3.5061 0.0000 2.0896
8.7956 0.0000 5.2422
24.7374 0.0000 14.7435
5.7889 0.0000 3.4502
10.9515 0.0000 6.5271
12.1947 0.0000 7.2680
5.3716 0.0000 3.2015
2.6783 0.0000 1.5963
10.2223 0.0000 6.0925
13.1029 0.0000 7.8093
9.0082 0.0000 5.3689
5.2000 0.0000 3.0992
9.6062 0.0000 5.7253
8.8589 0.0000 5.2799
10.8054 0.0000 6.4400
6.7628 0.0000 4.0306
5.3952 0.0000 3.2155
7.4031 0.0000 4.4123
7.9566 0.0000 4.7422
16.5206 0.0000 9.8463
7.1886 0.0000 4.2844
7.8123 0.0000 4.6561
9.2450 0.0000 5.5100
1.6004 0.0000 0.9538
11.0744 0.0000 6.6003
6.4387 0.0000 3.8374
10.4313 0.0000 6.2171
9.6186 0.0000 5.7327
6.4661 0.0000 3.8538
3.4569 0.0000 2.0603
2.4850 0.0000 1.4811
9.3371 0.0000 5.5649
15.4959 0.0000 9.2355
8.1461 0.0000 4.8551
5.1912 0.0000 3.0939
3.5594 0.0000 2.1214
7.4390 0.0000 4.4336
11.7826 0.0000 7.0224
8.5861 0.0000 5.1173
6.9276 0.0000 4.1289
9.7868 0.0000 5.8329
6.0329 0.0000 3.5956
8.1328 0.0000 4.8471
11.8913 0.0000 7.0872
3.7543 0.0000 2.2375
7.4945 0.0000 4.4667
14.4596 0.0000 8.6179
8.0867 0.0000 4.8197
11.5677 0.0000 6.8944
4.8024 0.0000 2.8622
6.6889 0.0000 3.9866
15.8810 0.0000 9.4651
12.0748 0.0000 7.1966
9.1574 0.0000 5.4578
11.4142 0.0000 6.8029
2.4356 0.0000 1.4516
5.3697 0.0000 3.2003
8.0333 0.0000 4.7879
10.4881 0.0000 6.2509
12.1165 0.0000 7.2214
9.8053 0.0000 5.8440
4.5808 0.0000 2.7302
4.7029 0.0000 2.8029
7.3694 0.0000 4.3922
16.6418 0.0000 9.9185
8.3408 0.0000 4.9711
12.4628 0.0000 7.4278
7.6230 0.0000 4.5433
11.8873 0.0000 7.0849
6.6559 0.0000 3.9669
8.1843 0.0000 4.8778
7.8251 0.0000 4.6637
10.6501 0.0000 6.3474
10.2041 0.0000 6.0817
2.1847 0.0000 1.3021
11.3298 0.0000 6.7526
9.7969 0.0000 5.8390
14.3914 0.0000 8.5773
7.2709 0.0000 4.3335
9.0829 0.0000 5.4134
9.0546 0.0000 5.3965
10.7145 0.0000 6.3859
12.1166 0.0000 7.2215
3.2892 0.0000 1.9604
3.0146 0.0000 1.7967
15.8363 0.0000 9.4384
7.1670 0.0000 4.2715
7.2891 0.0000 4.3443
7.4626 0.0000 4.4477
15.0895 0.0000 8.9933
13.0605 0.0000 7.7841
5.5650 0.0000 3.3167
13.7537 0.0000 8.1972
7.1824 0.0000 4.2807
8.0266 0.0000 4.7838
6.7736 0.0000 4.0371
12.6338 0.0000 7.5297
10.1275 0.0000 6.0360
2.9985 0.0000 1.7871
11.8790 0.0000 7.0799
11.6781 0.0000 6.9601
10.6542 0.0000 6.3499
8.3762 0.0000 4.9922
6.6209 0.0000 3.9461
10.8879 0.0000 6.4892
6.5781 0.0000 3.9206
5.2163 0.0000 3.1089
10.2970 0.0000 6.1370
7.7600 0.0000 4.6250
9.0167 0.0000 5.3739
4.7815 0.0000 2.8498
6.7201 0.0000 4.0052
9.5883 0.0000 5.7146
11.7639 0.0000 7.0113
14.6235 0.0000 8.7156
11.9710 0.0000 7.1347
7.4855 0.0000 4.4614
9.8742 0.0000 5.8850
12.3287 0.0000 7.3479
7.1525 0.0000 4.2629
17.3031 0.0000 10.3127
19.2469 0.0000 11.4711
11.7447 0.0000 6.9998
7.0669 0.0000 4.2119
10.3773 0.0000 6.1849
11.7633 0.0000 7.0109
10.6931 0.0000 6.3731
7.1512 0.0000 4.2621
14.7035 0.0000 8.7633
10.0034 0.0000 5.9621
5.6859 0.0000 3.3888
6.9804 0.0000 4.1603
9.8100 0.0000 5.8468
9.7801 0.0000 5.8289
12.4545 0.0000 7.4229
4.8918 0.0000 2.9155
14.1047 0.0000 8.4064
11.9676 0.0000 7.1327
13.5024 0.0000 8.0474
5.1370 0.0000 3.0617
19.6240 0.0000 11.6959
9.5896 0.0000 5.7154
8.1746 0.0000 4.8720
7.7648 0.0000 4.6278
6.6059 0.0000 3.9371
12.0443 0.0000 7.1784
4.4548 0.0000 2.6551
9.7500 0.0000 5.8110
9.1896 0.0000 5.4770
12.8545 0.0000 7.6613
10.2168 0.0000 6.0892
10.9363 0.0000 6.5180
12.5417 0.0000 7.4748
9.4662 0.0000 5.6419
5.4953 0.0000 3.2752
9.9483 0.0000 5.9292
5.2113 0.0000 3.1059
9.9466 0.0000 5.9282
11.9831 0.0000 7.1419
23.3233 0.0000 13.9007
3.5905 0.0000 2.1399
10.0175 0.0000 5.9704
8.5426 0.0000 5.0914
7.8296 0.0000 4.6664
5.4701 0.0000 3.2602
10.1529 0.0000 6.0511
17.9342 0.0000 10.6888
6.5902 0.0000 3.9278
7.8974 0.0000 4.7069
2.3627 0.0000 1.4081
13.8980 0.0000 8.2832
14.6022 0.0000 8.7029
10.1406 0.0000 6.0438
4.2906 0.0000 2.5572
4.0735 0.0000 2.4278
7.1398 0.0000 4.2553
5.3352 0.0000 3.1798
3.8303 0.0000 2.2829
2.6118 0.0000 1.5566
13.8698 0.0000 8.2664
4.0194 0.0000 2.3955
2.9516 0.0000 1.7591
6.6360 0.0000 3.9550
2.3995 0.0000 1.4301
3.9814 0.0000 2.3729
6.4927 0.0000 3.8696
9.2961 0.0000 5.5405
6.7957 0.0000 4.0502
3.8872 0.0000 2.3167
19.6722 0.0000 11.7246
10.9118 0.0000 6.5034
4.0399 0.0000 2.4078
2.4953 0.0000 1.4872
10.7167 0.0000 6.3871
6.9868 0.0000 4.1641
8.7080 0.0000 5.1900
6.5257 0.0000 3.8893
15.1959 0.0000 9.0568
6.6162 0.0000 3.9433
8.2617 0.0000 4.9239
11.6763 0.0000 6.9591
14.3532 0.0000 8.5545
13.5024 0.0000 8.0474
2.1285 0.0000 1.2686
5.7393 0.0000 3.4206
5.4327 0.0000 3.2379
14.3889 0.0000 8.5758
7.1714 0.0000 4.2741
11.5795 0.0000 6.9014
8.7296 0.0000 5.2028
4.6718 0.0000 2.7844
4.9063 0.0000 2.9241
11.4323 0.0000 6.8137
9.7749 0.0000 5.8258
2.0971 0.0000 1.2498
8.7654 0.0000 5.2242
10.6760 0.0000 6.3629
8.5049 0.0000 5.0689
16.6182 0.0000 9.9045
6.9043 0.0000 4.1150
5.8643 0.0000 3.4951
10.1768 0.0000 6.0654
5.4604 0.0000 3.2544
2.6452 0.0000 1.5766
7.6187 0.0000 4.5407
7.1225 0.0000 4.2450
5.4893 0.0000 3.2716
5.9733 0.0000 3.5601
6.3133 0.0000 3.7627
6.3168 0.0000 3.7648
11.1724 0.0000 6.6587
10.4033 0.0000 6.2004
14.5917 0.0000 8.6967
4.9785 0.0000 2.9672
8.5410 0.0000 5.0905
4.3454 0.0000 2.5899
6.8864 0.0000 4.1043
8.5469 0.0000 5.0939
11.3300 0.0000 6.7527
2.7612 0.0000 1.6457
11.1949 0.0000 6.6721
8.5328 0.0000 5.0855
19.4128 0.0000 11.5700
10.0145 0.0000 5.9687
4.9248 0.0000 2.9352
5.5528 0.0000 3.3095
10.2501 0.0000 6.1091
8.3413 0.0000 4.9714
7.5012 0.0000 4.4707
1.6404 0.0000 0.9777
4.6430 0.0000 2.7672
4.8295 0.0000 2.8784
3.3627 0.0000 2.0042
9.6458 0.0000 5.7489
10.1321 0.0000 6.0387
10.1235 0.0000 6.0336
11.1400 0.0000 6.6394
10.4898 0.0000 6.2519
5.8663 0.0000 3.4963
8.2100 0.0000 4.8932
6.0317 0.0000 3.5949
11.2021 0.0000 6.6764
13.2596 0.0000 7.9027
17.8971 0.0000 10.6667
8.3121 0.0000 4.9540
6.9370 0.0000 4.1345
7.6689 0.0000 4.5707
9.1768 0.0000 5.4693
12.5090 0.0000 7.4554
12.5013 0.0000 7.4508
11.1962 0.0000 6.6729
11.4345 0.0000 6.8150
11.9984 0.0000 7.1511
12.6397 0.0000 7.5332
5.6460 0.0000 3.3650
3.7854 0.0000 2.2561
5.9450 0.0000 3.5432
13.5771 0.0000 8.0919
7.4874 0.0000 4.4625
4.2100 0.0000 2.5092
4.6008 0.0000 2.7421
10.0198 0.0000 5.9718
7.2750 0.0000 4.3359
6.2475 0.0000 3.7235
7.3355 0.0000 4.3719
20.6860 0.0000 12.3289
11.3730 0.0000 6.7783
16.0952 0.0000 9.5927
13.3343 0.0000 7.9472
15.1875 0.0000 9.0517
14.0119 0.0000 8.3511
1.3282 0.0000 0.7916
15.1588 0.0000 9.0346
9.2988 0.0000 5.5421
8.6983 0.0000 5.1842
6.8830 0.0000 4.1023
11.2059 0.0000 6.6787
12.0690 0.0000 7.1931
11.7054 0.0000 6.9764
2.0344 0.0000 1.2125
9.7197 0.0000 5.7929
8.3400 0.0000 4.9706
9.2257 0.0000 5.4985
9.2278 0.0000 5.4997
4.9188 0.0000 2.9316
15.5792 0.0000 9.2852
8.4447 0.0000 5.0330
9.5763 0.0000 5.7075
16.2715 0.0000 9.6978
9.6222 0.0000 5.7348
9.5494 0.0000 5.6915
11.9639 0.0000 7.1305
19.9555 0.0000 11.8935
7.7857 0.0000 4.6403
3.8272 0.0000 2.2810
6.1491 0.0000 3.6649
9.4642 0.0000 5.6407
3.4171 0.0000 2.0366
12.0108 0.0000 7.1584
15.4210 0.0000 9.1909
6.4141 0.0000 3.8228
8.2910 0.0000 4.9414
13.6892 0.0000 8.1588
5.3859 0.0000 3.2100
4.6853 0.0000 2.7924
8.8528 0.0000 5.2763
8.8685 0.0000 5.2856
2.0643 0.0000 1.2303
9.2088 0.0000 5.4884
9.9143 0.0000 5.9089
7.3972 0.0000 4.4087
6.4102 0.0000 3.8205
13.2750 0.0000 7.9119
4.1072 0.0000 2.4479
7.2741 0.0000 4.3354
4.5004 0.0000 2.6822
5.2932 0.0000 3.1547
10.1068 0.0000 6.0236
10.2072 0.0000 6.0835
8.5476 0.0000 5.0943
14.5763 0.0000 8.6875
4.6372 0.0000 2.7638
7.1265 0.0000 4.2474
12.8200 0.0000 7.6407
6.5039 0.0000 3.8763
4.6949 0.0000 2.7981
8.7460 0.0000 5.2126
21.5948 0.0000 12.8705
8.6316 0.0000 5.1444
9.4029 0.0000 5.6042
11.9452 0.0000 7.1193
16.3097 0.0000 9.7206
10.7739 0.0000 6.4212
2.8902 0.0000 1.7226
12.0779 0.0000 7.1984
14.3706 0.0000 8.5649
6.4880 0.0000 3.8668
13.4368 0.0000 8.0083
6.1125 0.0000 3.6431
5.7286 0.0000 3.4142
5.2410 0.0000 3.1236
9.9541 0.0000 5.9326
4.0318 0.0000 2.4030
7.0360 0.0000 4.1934
10.0115 0.0000 5.9668
12.2705 0.0000 7.3132
5.8634 0.0000 3.4946
6.2140 0.0000 3.7036
18.1567 0.0000 10.8214
6.3690 0.0000 3.7959
14.6040 0.0000 8.7040
14.5063 0.0000 8.6458
6.8655 0.0000 4.0918
5.0976 0.0000 3.0381
9.2718 0.0000 5.5260
5.3227 0.0000 3.1723
1.8412 0.0000 1.0974
2.4141 0.0000 1.4388
7.7703 0.0000 4.6311
4.8528 0.0000 2.8923
8.3289 0.0000 4.9640
10.8940 0.0000 6.4928
8.0192 0.0000 4.7794
12.2264 0.0000 7.2869
6.2997 0.0000 3.7546
7.1674 0.0000 4.2718
8.7294 0.0000 5.2027
1.9868 0.0000 1.1842
17.1149 0.0000 10.2005
7.2002 0.0000 4.2913
6.6784 0.0000 3.9803
4.4811 0.0000 2.6707
6.4771 0.0000 3.8603
9.7386 0.0000 5.8042
5.1561 0.0000 3.0730
8.6504 0.0000 5.1557
9.7129 0.0000 5.7889
16.0227 0.0000 9.5495
11.2989 0.0000 6.7341
7.0903 0.0000 4.2258
11.5687 0.0000 6.8949
3.8645 0.0000 2.3032
8.4505 0.0000 5.0365
3.9532 0.0000 2.3561
5.3110 0.0000 3.1654
9.7551 0.0000 5.8141
10.4596 0.0000 6.2339
15.5732 0.0000 9.2816
14.2422 0.0000 8.4883
17.7162 0.0000 10.5588
3.1192 0.0000 1.8590
9.0113 0.0000 5.3707
2.8417 0.0000 1.6936
8.4937 0.0000 5.0622
7.4799 0.0000 4.4580
5.6797 0.0000 3.3851
6.1224 0.0000 3.6489
5.1297 0.0000 3.0573
0.8343 0.0000 0.4973
18.5197 0.0000 11.0378
5.3540 0.0000 3.1910
3.1745 0.0000 1.8920
10.3428 0.0000 6.1643
2.3199 0.0000 1.3827
5.3382 0.0000 3.1816
6.2139 0.0000 3.7035
7.8364 0.0000 4.6705
7.9004 0.0000 4.7086
6.2307 0.0000 3.7135
8.3846 0.0000 4.9972
4.9547 0.0000 2.9530
3.3566 0.0000 2.0006
12.4145 0.0000 7.3991
7.5310 0.0000 4.4885
6.1475 0.0000 3.6639
5.9588 0.0000 3.5514
8.6807 0.0000 5.1737
13.7731 0.0000 8.2088
3.7871 0.0000 2.2571
7.3406 0.0000 4.3750
13.4939 0.0000 8.0424
11.4847 0.0000 6.8449
5.5872 0.0000 3.3300
11.8222 0.0000 7.0460
6.0729 0.0000 3.6195
8.7500 0.0000 5.2150
14.4979 0.0000 8.6407
7.2727 0.0000 4.3345
15.4207 0.0000 9.1907
3.8167 0.0000 2.2748
4.6373 0.0000 2.7639
6.3670 0.0000 3.7947
1.2358 0.0000 0.7365
9.9701 0.0000 5.9422
7.3911 0.0000 4.4051
10.7388 0.0000 6.4003
7.6979 0.0000 4.5879
4.5975 0.0000 2.7401
8.1582 0.0000 4.8623
8.2466 0.0000 4.9150
6.0111 0.0000 3.5826
11.4779 0.0000 6.8409
10.2274 0.0000 6.0955
6.9727 0.0000 4.1557
9.7980 0.0000 5.8396
7.8669 0.0000 4.6887
7.1937 0.0000 4.2874
4.5721 0.0000 2.7249
7.9179 0.0000 4.7191
7.6025 0.0000 4.5311
6.6017 0.0000 3.9346
8.6313 0.0000 5.1442
15.9674 0.0000 9.5165
4.0771 0.0000 2.4299
8.4727 0.0000 5.0498
5.7815 0.0000 3.4458
2.6017 0.0000 1.5506
11.2200 0.0000 6.6871
3.7267 0.0000 2.2211
3.6290 0.0000 2.1629
7.4538 0.0000 4.4425
13.8528 0.0000 8.2563
10.0407 0.0000 5.9843
10.9550 0.0000 6.5292
12.6414 0.0000 7.5343
7.2730 0.0000 4.3347
8.8474 0.0000 5.2730
13.2538 0.0000 7.8993
2.5224 0.0000 1.5034
4.1504 0.0000 2.4736
4.9765 0.0000 2.9660
12.5294 0.0000 7.4675
12.5561 0.0000 7.4834
6.3056 0.0000 3.7581
12.0853 0.0000 7.2029
10.1263 0.0000 6.0353
9.1982 0.0000 5.4821
9.8522 0.0000 5.8719
12.8371 0.0000 7.6509
6.6260 0.0000 3.9491
8.2135 0.0000 4.8952
8.0563 0.0000 4.8016
5.5188 0.0000 3.2892
10.7168 0.0000 6.3872
7.1610 0.0000 4.2679
12.9986 0.0000 7.7472
4.6597 0.0000 2.7772
10.9675 0.0000 6.5367
12.6733 0.0000 7.5533
7.8419 0.0000 4.6738
13.9104 0.0000 8.2906
4.8161 0.0000 2.8704
8.6461 0.0000 5.1531
9.2893 0.0000 5.5364
12.5759 0.0000 7.4952
9.8916 0.0000 5.8954
9.2569 0.0000 5.5171
6.0381 0.0000 3.5987
5.9949 0.0000 3.5730
13.0173 0.0000 7.7583
7.9813 0.0000 4.7568
8.9345 0.0000 5.3250
3.5370 0.0000 2.1081
3.1980 0.0000 1.9060
8.7211 0.0000 5.1978
5.9448 0.0000 3.5431
9.5738 0.0000 5.7060
6.7859 0.0000 4.0444
10.0295 0.0000 5.9776
7.8352 0.0000 4.6698
12.1939 0.0000 7.2676
5.0272 0.0000 2.9962
7.5349 0.0000 4.4908
6.9513 0.0000 4.1430
13.6763 0.0000 8.1511
4.7482 0.0000 2.8300
8.3331 0.0000 4.9665
11.9400 0.0000 7.1163
10.9430 0.0000 6.5220
6.1049 0.0000 3.6385
8.6517 0.0000 5.1564
13.0749 0.0000 7.7927
9.3082 0.0000 5.5477
5.6328 0.0000 3.3572
14.8258 0.0000 8.8362
7.3780 0.0000 4.3973
7.6558 0.0000 4.5629
4.1281 0.0000 2.4604
16.0118 0.0000 9.5430
8.8691 0.0000 5.2860
5.7842 0.0000 3.4474
7.0646 0.0000 4.2105
3.5807 0.0000 2.1341
5.0464 0.0000 3.0076
5.5712 0.0000 3.3204
16.7238 0.0000 9.9674
13.5520 0.0000 8.0770
5.0951 0.0000 3.0367
1.8207 0.0000 1.0851
6.6902 0.0000 3.9873
1.9185 0.0000 1.1434
6.1436 0.0000 3.6616
17.0663 0.0000 10.1715
4.1222 0.0000 2.4568
6.0225 0.0000 3.5894
5.7496 0.0000 3.4268
13.1436 0.0000 7.8336
9.0422 0.0000 5.3892
9.6502 0.0000 5.7515
7.9069 0.0000 4.7125
10.5990 0.0000 6.3170
5.5904 0.0000 3.3319
8.8678 0.0000 5.2852
4.9336 0.0000 2.9404
6.1969 0.0000 3.6933
6.8721 0.0000 4.0958
4.3217 0.0000 2.5757
6.5865 0.0000 3.9256
7.6994 0.0000 4.5888
6.3020 0.0000 3.7560
6.2406 0.0000 3.7194
4.2190 0.0000 2.5145
9.2259 0.0000 5.4987
3.6692 0.0000 2.1869
12.0924 0.0000 7.2071
13.3232 0.0000 7.9406
12.1304 0.0000 7.2297
8.5164 0.0000 5.0758
5.8648 0.0000 3.4954
9.8331 0.0000 5.8606
10.1523 0.0000 6.0508
2.7556 0.0000 1.6424
12.7825 0.0000 7.6184
7.9298 0.0000 4.7261
14.2591 0.0000 8.4984
11.2750 0.0000 6.7199
11.5417 0.0000 6.8789
7.6383 0.0000 4.5524
7.4547 0.0000 4.4430
3.1998 0.0000 1.9071
5.7580 0.0000 3.4318
6.2931 0.0000 3.7507
7.6842 0.0000 4.5798
9.8180 0.0000 5.8515
5.1650 0.0000 3.0783
12.3064 0.0000 7.3346
8.1143 0.0000 4.8361
15.1553 0.0000 9.0326
3.5683 0.0000 2.1267
6.4704 0.0000 3.8564
8.3668 0.0000 4.9866
10.6651 0.0000 6.3564
13.3852 0.0000 7.9776
0.7150 0.0000 0.4261
8.9444 0.0000 5.3309
8.9880 0.0000 5.3568
4.2788 0.0000 2.5502
6.9996 0.0000 4.1718
11.0089 0.0000 6.5613
1.5830 0.0000 0.9435
7.3613 0.0000 4.3873
7.3498 0.0000 4.3805
19.7885 0.0000 11.7940
9.2334 0.0000 5.5031
3.7226 0.0000 2.2187
5.2172 0.0000 3.1094
4.0967 0.0000 2.4416
11.6583 0.0000 6.9483
5.7755 0.0000 3.4422
10.3208 0.0000 6.1512
9.9242 0.0000 5.9148
12.7939 0.0000 7.6251
10.8483 0.0000 6.4656
4.3185 0.0000 2.5738
9.8135 0.0000 5.8488
8.6110 0.0000 5.1321
10.9050 0.0000 6.4994
11.8876 0.0000 7.0850
3.3956 0.0000 2.0238
10.3352 0.0000 6.1598
4.2184 0.0000 2.5142
8.0384 0.0000 4.7909
3.8736 0.0000 2.3086
3.2881 0.0000 1.9597
11.7007 0.0000 6.9736
2.4912 0.0000 1.4848
9.4310 0.0000 5.6208
11.6868 0.0000 6.9654
4.7919 0.0000 2.8560
8.2760 0.0000 4.9325
7.7442 0.0000 4.6156
6.4074 0.0000 3.8188
13.4396 0.0000 8.0100
8.4075 0.0000 5.0109
10.2445 0.0000 6.1057
5.9534 0.0000 3.5482
6.3055 0.0000 3.7580
3.0558 0.0000 1.8213
9.2142 0.0000 5.4917
10.5905 0.0000 6.3120
2.9380 0.0000 1.7510
13.9415 0.0000 8.3091
5.1310 0.0000 3.0581
11.8418 0.0000 7.0577
14.2512 0.0000 8.4937
4.4447 0.0000 2.6490
11.3803 0.0000 6.7826
8.6981 0.0000 5.1841
0.9905 0.0000 0.5904
8.6916 0.0000 5.1802
3.9717 0.0000 2.3671
8.4254 0.0000 5.0215
7.3400 0.0000 4.3747
14.3297 0.0000 8.5405
7.7425 0.0000 4.6145
11.7945 0.0000 7.0295
4.5533 0.0000 2.7138
13.0975 0.0000 7.8061
7.1559 0.0000 4.2649
12.6102 0.0000 7.5157
6.2908 0.0000 3.7493
5.0281 0.0000 2.9967
6.6390 0.0000 3.9569
5.1500 0.0000 3.0694
8.7983 0.0000 5.2438
5.2604 0.0000 3.1352
10.5134 0.0000 6.2660
8.5413 0.0000 5.0906
6.7781 0.0000 4.0398
4.4775 0.0000 2.6686
9.3524 0.0000 5.5740
6.3195 0.0000 3.7664
6.1936 0.0000 3.6914
13.4629 0.0000 8.0239
11.0771 0.0000 6.6020
5.3803 0.0000 3.2067
13.2556 0.0000 7.9003
4.0821 0.0000 2.4329
11.0558 0.0000 6.5893
11.2325 0.0000 6.6946
6.0874 0.0000 3.6281
7.0862 0.0000 4.2234
11.4797 0.0000 6.8419
4.6616 0.0000 2.7783
4.2662 0.0000 2.5427
7.9127 0.0000 4.7160
11.0565 0.0000 6.5897
4.0299 0.0000 2.4018
6.8194 0.0000 4.0643
6.2065 0.0000 3.6991
10.0506 0.0000 5.9902
3.3957 0.0000 2.0238
10.3334 0.0000 6.1587
3.0641 0.0000 1.8262
10.7652 0.0000 6.4161
6.1968 0.0000 3.6933
6.4816 0.0000 3.8631
7.2722 0.0000 4.3342
6.3381 0.0000 3.7775
4.2410 0.0000 2.5276
10.2766 0.0000 6.1249
13.7873 0.0000 8.2172
8.3557 0.0000 4.9800
4.6259 0.0000 2.7570
8.8572 0.0000 5.2789
13.7839 0.0000 8.2152
12.8814 0.0000 7.6773
8.1727 0.0000 4.8709
17.6165 0.0000 10.4994
3.8614 0.0000 2.3014
7.0266 0.0000 4.1878
11.8071 0.0000 7.0371
9.0254 0.0000 5.3791
7.5446 0.0000 4.4966
3.0299 0.0000 1.8058
10.2955 0.0000 6.1361
7.6176 0.0000 4.5401
7.6313 0.0000 4.5482
6.3276 0.0000 3.7713
3.1527 0.0000 1.8790
9.4507 0.0000 5.6326
12.4177 0.0000 7.4010
4.7272 0.0000 2.8174
10.6502 0.0000 6.3475
16.4421 0.0000 9.7995
5.1373 0.0000 3.0618
7.9178 0.0000 4.7190
10.5701 0.0000 6.2998
10.5762 0.0000 6.3034
6.5726 0.0000 3.9173
5.4276 0.0000 3.2349
3.1773 0.0000 1.8936
2.3557 0.0000 1.4040
5.1724 0.0000 3.0828
4.2984 0.0000 2.5618
8.6508 0.0000 5.1559
9.9012 0.0000 5.9011
9.6580 0.0000 5.7561
7.6555 0.0000 4.5627
6.1396 0.0000 3.6592
2.9132 0.0000 1.7363
7.9818 0.0000 4.7571
14.3082 0.0000 8.5277
12.1139 0.0000 7.2199
5.8621 0.0000 3.4938
8.1163 0.0000 4.8373
4.8525 0.0000 2.8921
7.2293 0.0000 4.3087
6.3586 0.0000 3.7898
6.7892 0.0000 4.0464
5.7756 0.0000 3.4422
8.3325 0.0000 4.9662
4.7058 0.0000 2.8047
9.7961 0.0000 5.8385
4.5344 0.0000 2.7025
9.4164 0.0000 5.6122
8.4878 0.0000 5.0588
7.2184 0.0000 4.3022
7.3248 0.0000 4.3656
5.4905 0.0000 3.2723
7.7710 0.0000 4.6315
7.4530 0.0000 4.4420
7.3382 0.0000 4.3736
0.9977 0.0000 0.5946
13.0268 0.0000 7.7639
6.7411 0.0000 4.0177
10.5102 0.0000 6.2641
7.3906 0.0000 4.4048
11.1066 0.0000 6.6195
6.8015 0.0000 4.0537
4.4957 0.0000 2.6794
19.9312 0.0000 11.8790
2.6349 0.0000 1.5704
6.6077 0.0000 3.9382
4.6299 0.0000 2.7594
7.7324 0.0000 4.6085
7.7654 0.0000 4.6282
3.2752 0.0000 1.9520
7.1745 0.0000 4.2760
11.2629 0.0000 6.7127
4.7296 0.0000 2.8189
2.8147 0.0000 1.6775
10.7831 0.0000 6.4267
6.7815 0.0000 4.0418
6.4395 0.0000 3.8379
7.0136 0.0000 4.1801
5.0678 0.0000 3.0204
5.4150 0.0000 3.2274
10.7572 0.0000 6.4113
6.1698 0.0000 3.6772
7.9198 0.0000 4.7202
6.1831 0.0000 3.6851
8.1184 0.0000 4.8386
7.8561 0.0000 4.6822
7.7009 0.0000 4.5897
7.4705 0.0000 4.4524
7.6473 0.0000 4.5578
7.9615 0.0000 4.7450
7.1111 0.0000 4.2382
6.0928 0.0000 3.6313
7.1461 0.0000 4.2591
6.3196 0.0000 3.7665
5.1796 0.0000 3.0870
4.2944 0.0000 2.5594
12.9405 0.0000 7.7125
7.7132 0.0000 4.5971
4.3942 0.0000 2.6190
10.9259 0.0000 6.5119
6.7447 0.0000 4.0198
7.6573 0.0000 4.5637
8.5384 0.0000 5.0889
8.8622 0.0000 5.2819
7.3060 0.0000 4.3544
9.6902 0.0000 5.7754
8.4029 0.0000 5.0081
12.4863 0.0000 7.4418
7.2715 0.0000 4.3338
15.0560 0.0000 8.9734
12.2285 0.0000 7.2882
4.7968 0.0000 2.8589
8.3717 0.0000 4.9895
6.1736 0.0000 3.6795
10.1690 0.0000 6.0607
2.0924 0.0000 1.2470
14.4418 0.0000 8.6073
11.0719 0.0000 6.5989
9.8483 0.0000 5.8696
8.4263 0.0000 5.0221
5.6564 0.0000 3.3712
11.9298 0.0000 7.1102
2.1937 0.0000 1.3074
8.6223 0.0000 5.1389
13.8513 0.0000 8.2554
9.6096 0.0000 5.7273
9.2572 0.0000 5.5173
8.1654 0.0000 4.8666
6.0880 0.0000 3.6285
4.1743 0.0000 2.4879
11.7733 0.0000 7.0169
10.5171 0.0000 6.2682
5.1647 0.0000 3.0782
6.3352 0.0000 3.7758
7.9288 0.0000 4.7256
3.5313 0.0000 2.1047
5.4082 0.0000 3.2233
7.1784 0.0000 4.2783
7.0010 0.0000 4.1726
8.5074 0.0000 5.0704
2.2766 0.0000 1.3568
7.5097 0.0000 4.4758
10.7808 0.0000 6.4254
10.3703 0.0000 6.1807
12.6527 0.0000 7.5410
4.4686 0.0000 2.6633
10.4979 0.0000 6.2568
9.6523 0.0000 5.7528
10.0523 0.0000 5.9912
5.4417 0.0000 3.2432
11.8593 0.0000 7.0682
6.6951 0.0000 3.9903
3.9785 0.0000 2.3712
3.1445 0.0000 1.8741
1.6847 0.0000 1.0041
16.4275 0.0000 9.7908
6.4981 0.0000 3.8729
7.6912 0.0000 4.5840
3.5093 0.0000 2.0915
15.3862 0.0000 9.1702
3.8050 0.0000 2.2678
7.3279 0.0000 4.3674
2.1721 0.0000 1.2946
4.4616 0.0000 2.6591
3.6217 0.0000 2.1585
12.7542 0.0000 7.6015
10.8802 0.0000 6.4846
13.1005 0.0000 7.8079
9.1681 0.0000 5.4642
8.8340 0.0000 5.2651
1.0379 0.0000 0.6186
8.6574 0.0000 5.1598
6.3360 0.0000 3.7763
3.5040 0.0000 2.0884
2.9414 0.0000 1.7530
8.2102 0.0000 4.8933
3.0002 0.0000 1.7881
7.3467 0.0000 4.3786
11.0518 0.0000 6.5869
12.9171 0.0000 7.6986
7.6207 0.0000 4.5419
10.7375 0.0000 6.3996
12.2962 0.0000 7.3286
5.2743 0.0000 3.1435
7.6222 0.0000 4.5428
1.2643 0.0000 0.7535
10.5634 0.0000 6.2958
21.4076 0.0000 12.7590
5.8696 0.0000 3.4983
10.5224 0.0000 6.2714
4.3330 0.0000 2.5825
4.9410 0.0000 2.9448
7.2012 0.0000 4.2919
8.8711 0.0000 5.2872
14.1750 0.0000 8.4483
11.1248 0.0000 6.6304
10.3611 0.0000 6.1752
10.0128 0.0000 5.9677
3.5492 0.0000 2.1153
5.1994 0.0000 3.0988
4.2475 0.0000 2.5315
6.3200 0.0000 3.7667
5.6748 0.0000 3.3822
8.6017 0.0000 5.1266
8.9169 0.0000 5.3145
10.4530 0.0000 6.2300
11.0246 0.0000 6.5707
6.2195 0.0000 3.7068
3.1644 0.0000 1.8860
9.4375 0.0000 5.6247
6.9785 0.0000 4.1592
10.7802 0.0000 6.4250
9.7883 0.0000 5.8338
2.3451 0.0000 1.3977
18.0496 0.0000 10.7576
10.8655 0.0000 6.4758
18.9406 0.0000 11.2886
14.0034 0.0000 8.3460
8.1200 0.0000 4.8395
9.5749 0.0000 5.7067
6.2676 0.0000 3.7355
4.6175 0.0000 2.7521
3.9066 0.0000 2.3283
5.9809 0.0000 3.5646
5.8027 0.0000 3.4584
7.2811 0.0000 4.3395
6.1720 0.0000 3.6785
7.4903 0.0000 4.4642
12.4889 0.0000 7.4434
12.8559 0.0000 7.6621
8.5607 0.0000 5.1022
9.1760 0.0000 5.4689
8.8287 0.0000 5.2619
11.8701 0.0000 7.0746
12.6481 0.0000 7.5383
11.2593 0.0000 6.7106
2.6291 0.0000 1.5670
9.9318 0.0000 5.9193
8.0429 0.0000 4.7936
4.8279 0.0000 2.8774
4.8275 0.0000 2.8772
10.0902 0.0000 6.0138
12.4519 0.0000 7.4213
9.6353 0.0000 5.7426
6.7421 0.0000 4.0183
15.0762 0.0000 8.9854
17.5670 0.0000 10.4699
15.7922 0.0000 9.4121
8.0019 0.0000 4.7691
7.2986 0.0000 4.3500
13.8279 0.0000 8.2414
7.0213 0.0000 4.1847
10.2222 0.0000 6.0924
7.5942 0.0000 4.5261
5.4386 0.0000 3.2414
5.3202 0.0000 3.1708
7.8350 0.0000 4.6696
8.1129 0.0000 4.8353
4.2152 0.0000 2.5122
9.0379 0.0000 5.3866
6.7261 0.0000 4.0088
7.3332 0.0000 4.3706
7.9748 0.0000 4.7530
8.5793 0.0000 5.1133
9.2286 0.0000 5.5002
10.3935 0.0000 6.1945
9.0837 0.0000 5.4139
4.9718 0.0000 2.9632
7.8683 0.0000 4.6895
5.1824 0.0000 3.0887
12.4765 0.0000 7.4360
5.3723 0.0000 3.2019
5.8184 0.0000 3.4678
8.2647 0.0000 4.9257
9.9555 0.0000 5.9335
3.0352 0.0000 1.8090
7.0807 0.0000 4.2201
5.4613 0.0000 3.2550
2.0070 0.0000 1.1962
11.1659 0.0000 6.6549
7.0425 0.0000 4.1973
5.7049 0.0000 3.4001
6.0300 0.0000 3.5939
17.2703 0.0000 10.2931
6.7994 0.0000 4.0524
2.5853 0.0000 1.5408
7.6599 0.0000 4.5653
8.9172 0.0000 5.3147
15.1698 0.0000 9.0412
4.9647 0.0000 2.9590
3.1908 0.0000 1.9017
4.5454 0.0000 2.7091
9.6943 0.0000 5.7778
9.5566 0.0000 5.6957
7.1350 0.0000 4.2525
4.1511 0.0000 2.4741
5.8954 0.0000 3.5136
6.0724 0.0000 3.6191
10.9909 0.0000 6.5506
5.1538 0.0000 3.0717
10.6842 0.0000 6.3678
9.9357 0.0000 5.9217
2.3166 0.0000 1.3807
4.8041 0.0000 2.8632
3.3826 0.0000 2.0160
5.8901 0.0000 3.5105
5.2918 0.0000 3.1539
3.8751 0.0000 2.3095
4.3650 0.0000 2.6015
7.4707 0.0000 4.4525
11.4659 0.0000 6.8337
5.6431 0.0000 3.3633
13.5483 0.0000 8.0748
10.9237 0.0000 6.5105
9.6969 0.0000 5.7794
8.5880 0.0000 5.1184
6.1170 0.0000 3.6457
5.3855 0.0000 3.2098
12.9227 0.0000 7.7019
8.9889 0.0000 5.3574
6.3075 0.0000 3.7593
10.1528 0.0000 6.0511
20.6712 0.0000 12.3201
15.6576 0.0000 9.3320
9.4061 0.0000 5.6061
8.3597 0.0000 4.9824
4.5833 0.0000 2.7316
14.7455 0.0000 8.7883
6.2346 0.0000 3.7158
9.8031 0.0000 5.8427
7.9164 0.0000 4.7182
15.2510 0.0000 9.0896
10.2358 0.0000 6.1005
13.4841 0.0000 8.0365
8.4101 0.0000 5.0124
2.6076 0.0000 1.5541
11.7388 0.0000 6.9963
13.1638 0.0000 7.8456
4.1225 0.0000 2.4570
6.4258 0.0000 3.8298
7.9381 0.0000 4.7311
10.7757 0.0000 6.4223
3.7776 0.0000 2.2514
9.0230 0.0000 5.3777
6.8650 0.0000 4.0915
4.9596 0.0000 2.9559
5.8448 0.0000 3.4835
13.1507 0.0000 7.8378
8.0202 0.0000 4.7800
6.5693 0.0000 3.9153
7.5323 0.0000 4.4892
6.2955 0.0000 3.7521
6.1950 0.0000 3.6922
9.8191 0.0000 5.8522
11.9473 0.0000 7.1206
6.6534 0.0000 3.9654
9.2499 0.0000 5.5129
8.0492 0.0000 4.7973
11.2738 0.0000 6.7192
7.5551 0.0000 4.5028
7.9954 0.0000 4.7652
7.9097 0.0000 4.7142
11.1582 0.0000 6.6503
7.4360 0.0000 4.4319
12.8272 0.0000 7.6450
2.8692 0.0000 1.7100
8.9735 0.0000 5.3482
11.6351 0.0000 6.9345
5.8713 0.0000 3.4993
8.4272 0.0000 5.0226
7.6326 0.0000 4.5490
14.6960 0.0000 8.7588
7.5890 0.0000 4.5230
0.9500 0.0000 0.5662
8.4090 0.0000 5.0118
10.8539 0.0000 6.4689
14.2695 0.0000 8.5046
9.1999 0.0000 5.4832
10.0065 0.0000 5.9638
11.4398 0.0000 6.8181
6.3938 0.0000 3.8107
6.4767 0.0000 3.8601
15.5057 0.0000 9.2414
4.1721 0.0000 2.4866
11.0658 0.0000 6.5952
7.7638 0.0000 4.6272
3.9785 0.0000 2.3712
6.0811 0.0000 3.6244
8.9281 0.0000 5.3211
6.3561 0.0000 3.7882
12.7923 0.0000 7.6242
11.0097 0.0000 6.5618
5.6940 0.0000 3.3936
10.2149 0.0000 6.0881
6.9460 0.0000 4.1398
12.7647 0.0000 7.6077
8.0708 0.0000 4.8102
6.6455 0.0000 3.9607
11.8271 0.0000 7.0490
6.3195 0.0000 3.7664
10.2663 0.0000 6.1187
7.6044 0.0000 4.5322
9.2367 0.0000 5.5051
2.7420 0.0000 1.6342
14.4023 0.0000 8.5838
10.9147 0.0000 6.5051
13.6256 0.0000 8.1208
13.1142 0.0000 7.8161
12.1745 0.0000 7.2560
8.5001 0.0000 5.0661
8.0122 0.0000 4.7753
8.0543 0.0000 4.8004
5.3737 0.0000 3.2027
11.2547 0.0000 6.7078
5.3145 0.0000 3.1674
3.8601 0.0000 2.3006
2.3487 0.0000 1.3999
6.0946 0.0000 3.6324
6.4996 0.0000 3.8737
16.1858 0.0000 9.6467
1.6565 0.0000 0.9873
10.8952 0.0000 6.4935
7.0150 0.0000 4.1809
8.7549 0.0000 5.2179
7.9251 0.0000 4.7234
7.8318 0.0000 4.6678
6.3111 0.0000 3.7614
11.1938 0.0000 6.6715
6.3677 0.0000 3.7951
9.1183 0.0000 5.4345
13.6028 0.0000 8.1073
4.9510 0.0000 2.9508
7.8640 0.0000 4.6869
11.0961 0.0000 6.6132
5.0156 0.0000 2.9893
9.5739 0.0000 5.7061
11.1852 0.0000 6.6664
3.8444 0.0000 2.2913
10.8466 0.0000 6.4646
10.9175 0.0000 6.5068
15.4431 0.0000 9.2041
7.5769 0.0000 4.5158
13.1934 0.0000 7.8633
13.6814 0.0000 8.1541
11.2224 0.0000 6.6886
8.0813 0.0000 4.8165
14.1371 0.0000 8.4257
11.9871 0.0000 7.1443
4.2525 0.0000 2.5345
1.1769 0.0000 0.7014
3.9784 0.0000 2.3711
7.5184 0.0000 4.4810
12.3920 0.0000 7.3856
10.8759 0.0000 6.4820
5.2758 0.0000 3.1444
11.2165 0.0000 6.6851
7.0724 0.0000 4.2151
10.6474 0.0000 6.3459
10.1000 0.0000 6.0196
4.4737 0.0000 2.6663
5.9402 0.0000 3.5404
6.6228 0.0000 3.9472
8.8794 0.0000 5.2921
4.0141 0.0000 2.3924
11.0157 0.0000 6.5654
12.5267 0.0000 7.4659
14.8091 0.0000 8.8262
2.9045 0.0000 1.7311
10.2474 0.0000 6.1075
15.0294 0.0000 8.9575
12.3010 0.0000 7.3314
6.1978 0.0000 3.6939
6.5985 0.0000 3.9327
8.7975 0.0000 5.2433
10.1543 0.0000 6.0519
7.8931 0.0000 4.7043
8.7291 0.0000 5.2025
8.2393 0.0000 4.9106
16.9799 0.0000 10.1200
11.0751 0.0000 6.6008
12.8646 0.0000 7.6673
6.5140 0.0000 3.8824
3.1544 0.0000 1.8800
12.7461 0.0000 7.5967
8.6401 0.0000 5.1495
5.6994 0.0000 3.3969
9.3556 0.0000 5.5759
5.6669 0.0000 3.3775
4.1432 0.0000 2.4693
16.0723 0.0000 9.5791
1.5810 0.0000 0.9423
4.2183 0.0000 2.5141
10.6954 0.0000 6.3745
10.1921 0.0000 6.0745
9.0593 0.0000 5.3994
11.8089 0.0000 7.0381
7.8480 0.0000 4.6774
18.4898 0.0000 11.0199
10.0470 0.0000 5.9880
8.6724 0.0000 5.1687
7.6669 0.0000 4.5695
4.6021 0.0000 2.7428
16.1834 0.0000 9.6453
20.4572 0.0000 12.1925
8.9676 0.0000 5.3447
10.8876 0.0000 6.4890
9.4509 0.0000 5.6327
11.5807 0.0000 6.9021
6.1256 0.0000 3.6509
6.8980 0.0000 4.1112
13.1059 0.0000 7.8111
11.4591 0.0000 6.8296
14.2349 0.0000 8.4840
5.8800 0.0000 3.5045
15.2244 0.0000 9.0737
8.3429 0.0000 4.9724
12.3827 0.0000 7.3801
13.1812 0.0000 7.8560
5.4644 0.0000 3.2568
12.4617 0.0000 7.4272
24.1299 0.0000 14.3814
7.2627 0.0000 4.3285
12.7563 0.0000 7.6028
5.6261 0.0000 3.3532
12.1986 0.0000 7.2703
17.6923 0.0000 10.5446
3.8530 0.0000 2.2964
3.2683 0.0000 1.9479
3.8676 0.0000 2.3051
5.4710 0.0000 3.2607
3.4567 0.0000 2.0602
6.3548 0.0000 3.7875
10.7312 0.0000 6.3958
6.7909 0.0000 4.0474
6.4209 0.0000 3.8269
13.8240 0.0000 8.2391
14.9260 0.0000 8.8959
7.3143 0.0000 4.3593
6.4821 0.0000 3.8634
5.1407 0.0000 3.0639
11.6758 0.0000 6.9588
7.8834 0.0000 4.6985
5.8970 0.0000 3.5146
6.4102 0.0000 3.8205
13.2146 0.0000 7.8759
11.2620 0.0000 6.7122
6.9763 0.0000 4.1579
10.1289 0.0000 6.0368
14.0224 0.0000 8.3573
5.4359 0.0000 3.2398
4.4855 0.0000 2.6734
11.2779 0.0000 6.7217
6.4107 0.0000 3.8208
11.5794 0.0000 6.9013
9.6006 0.0000 5.7220
6.2091 0.0000 3.7006
17.5916 0.0000 10.4846
11.3260 0.0000 6.7503
10.4490 0.0000 6.2276
8.6374 0.0000 5.1479
17.1835 0.0000 10.2414
7.3039 0.0000 4.3531
4.4456 0.0000 2.6496
6.3799 0.0000 3.8024
10.8873 0.0000 6.4888
10.6284 0.0000 6.3345
15.3915 0.0000 9.1734
14.7263 0.0000 8.7769
5.8496 0.0000 3.4864
10.3093 0.0000 6.1444
7.3652 0.0000 4.3897
21.6812 0.0000 12.9220
6.7541 0.0000 4.0254
12.0337 0.0000 7.1721
12.3150 0.0000 7.3397
9.8473 0.0000 5.8690
7.6090 0.0000 4.5350
3.2095 0.0000 1.9128
9.5525 0.0000 5.6933
13.5600 0.0000 8.0818
15.5405 0.0000 9.2621
13.0370 0.0000 7.7700
7.6269 0.0000 4.5456
11.3016 0.0000 6.7357
8.5696 0.0000 5.1075
10.3340 0.0000 6.1590
7.7285 0.0000 4.6062
6.8551 0.0000 4.0857
8.9718 0.0000 5.3472
8.0505 0.0000 4.7981
6.2820 0.0000 3.7440
12.5939 0.0000 7.5060
6.7887 0.0000 4.0461
7.0014 0.0000 4.1728
9.4086 0.0000 5.6075
9.2609 0.0000 5.5195
7.8080 0.0000 4.6536
11.9470 0.0000 7.1204
8.2609 0.0000 4.9235
11.6015 0.0000 6.9145
9.8474 0.0000 5.8691
12.3895 0.0000 7.3841
6.5699 0.0000 3.9157
9.2069 0.0000 5.4873
11.9801 0.0000 7.1401
2.8608 0.0000 1.7050
5.4181 0.0000 3.2292
4.8932 0.0000 2.9164
7.5263 0.0000 4.4857
13.1882 0.0000 7.8602
13.3396 0.0000 7.9504
6.6253 0.0000 3.9487
13.9632 0.0000 8.3220
5.6809 0.0000 3.3858
5.8189 0.0000 3.4681
13.5254 0.0000 8.0612
11.4317 0.0000 6.8133
4.2597 0.0000 2.5388
12.5812 0.0000 7.4984
9.5659 0.0000 5.7013
7.7807 0.0000 4.6373
4.6552 0.0000 2.7745
10.1175 0.0000 6.0300
10.7858 0.0000 6.4283
9.4001 0.0000 5.6025
9.8481 0.0000 5.8695
9.8289 0.0000 5.8580
9.8287 0.0000 5.8579
7.3466 0.0000 4.3786
4.6924 0.0000 2.7967
1.6697 0.0000 0.9952
3.5945 0.0000 2.1423
6.2964 0.0000 3.7527
7.8714 0.0000 4.6913
8.7505 0.0000 5.2153
5.3887 0.0000 3.2117
6.5147 0.0000 3.8827
8.3937 0.0000 5.0026
13.2962 0.0000 7.9245
8.8410 0.0000 5.2692
9.7907 0.0000 5.8353
3.6315 0.0000 2.1643
7.2495 0.0000 4.3207
5.8184 0.0000 3.4678
9.3063 0.0000 5.5466
11.8390 0.0000 7.0561
8.1466 0.0000 4.8554
13.7306 0.0000 8.1834
15.1169 0.0000 9.0097
7.9618 0.0000 4.7452
11.8158 0.0000 7.0422
12.8197 0.0000 7.6406
7.1346 0.0000 4.2522
7.6463 0.0000 4.5572
6.8155 0.0000 4.0620
7.4409 0.0000 4.4348
5.2406 0.0000 3.1234
12.6816 0.0000 7.5582
4.8695 0.0000 2.9022
10.1134 0.0000 6.0276
7.3677 0.0000 4.3911
12.2540 0.0000 7.3034
4.8941 0.0000 2.9169
6.6348 0.0000 3.9543
17.2013 0.0000 10.2520
7.7752 0.0000 4.6340
6.1707 0.0000 3.6778
12.1381 0.0000 7.2343
13.2347 0.0000 7.8879
7.2251 0.0000 4.3062
9.7065 0.0000 5.7851
8.4466 0.0000 5.0342
11.5096 0.0000 6.8597
9.5462 0.0000 5.6895
6.1531 0.0000 3.6673
10.6698 0.0000 6.3592
3.1797 0.0000 1.8951
6.3338 0.0000 3.7749
3.4278 0.0000 2.0430
17.3478 0.0000 10.3393
10.3535 0.0000 6.1707
14.1089 0.0000 8.4089
9.8339 0.0000 5.8610
3.0178 0.0000 1.7986
5.8465 0.0000 3.4845
9.3658 0.0000 5.5820
7.2962 0.0000 4.3485
3.3397 0.0000 1.9904
3.8054 0.0000 2.2680
11.6971 0.0000 6.9715
5.1873 0.0000 3.0917
4.3177 0.0000 2.5734
3.0560 0.0000 1.8214
11.5474 0.0000 6.8823
7.4253 0.0000 4.4255
3.0613 0.0000 1.8245
8.5690 0.0000 5.1071
6.6498 0.0000 3.9633
12.3552 0.0000 7.3637
10.6633 0.0000 6.3553
11.5648 0.0000 6.8926
6.2757 0.0000 3.7403
13.2188 0.0000 7.8784
12.9480 0.0000 7.7170
7.8542 0.0000 4.6811
10.5932 0.0000 6.3136
16.3565 0.0000 9.7485
1.7849 0.0000 1.0638
5.0110 0.0000 2.9866
8.9284 0.0000 5.3213
12.5819 0.0000 7.4988
7.4128 0.0000 4.4180
9.8935 0.0000 5.8965
9.7426 0.0000 5.8066
8.9059 0.0000 5.3079
7.4840 0.0000 4.4605
14.3171 0.0000 8.5330
10.7671 0.0000 6.4172
4.2746 0.0000 2.5477
7.2448 0.0000 4.3179
11.6955 0.0000 6.9705
7.1254 0.0000 4.2467
11.7819 0.0000 7.0220
10.1316 0.0000 6.0384
6.0316 0.0000 3.5948
12.3145 0.0000 7.3394
7.3081 0.0000 4.3556
10.6582 0.0000 6.3523
12.9437 0.0000 7.7144
10.9560 0.0000 6.5298
2.2484 0.0000 1.3400
10.1541 0.0000 6.0518
14.7961 0.0000 8.8185
8.8645 0.0000 5.2832
6.3832 0.0000 3.8044
7.7935 0.0000 4.6449
9.2680 0.0000 5.5237
6.2155 0.0000 3.7044
6.8339 0.0000 4.0730
4.8293 0.0000 2.8782
0.9489 0.0000 0.5656
15.3411 0.0000 9.1433
12.4860 0.0000 7.4417
12.9109 0.0000 7.6949
16.6020 0.0000 9.8948
10.4956 0.0000 6.2554
7.2043 0.0000 4.2937
8.5764 0.0000 5.1115
5.5086 0.0000 3.2831
3.9533 0.0000 2.3562
4.4679 0.0000 2.6629
7.8246 0.0000 4.6634
9.4561 0.0000 5.6358
9.8030 0.0000 5.8426
11.8124 0.0000 7.0402
7.2937 0.0000 4.3470
9.8322 0.0000 5.8600
12.1504 0.0000 7.2416
11.3263 0.0000 6.7505
11.7251 0.0000 6.9881
7.7815 0.0000 4.6378
12.5018 0.0000 7.4511
5.7519 0.0000 3.4281
13.5742 0.0000 8.0902
8.0350 0.0000 4.7888
2.7814 0.0000 1.6577
4.7403 0.0000 2.8252
17.7036 0.0000 10.5513
12.2308 0.0000 7.2896
9.3203 0.0000 5.5549
3.6262 0.0000 2.1612
10.6027 0.0000 6.3192
6.5820 0.0000 3.9228
6.9281 0.0000 4.1291
9.8481 0.0000 5.8695
6.6376 0.0000 3.9560
9.5060 0.0000 5.6656
10.8022 0.0000 6.4381
9.5599 0.0000 5.6977
9.0721 0.0000 5.4070
5.9194 0.0000 3.5280
4.0576 0.0000 2.4183
3.4799 0.0000 2.0740
7.5718 0.0000 4.5128
6.8446 0.0000 4.0794
7.5392 0.0000 4.4933
16.6230 0.0000 9.9073
5.8040 0.0000 3.4592
15.6767 0.0000 9.3433
8.8722 0.0000 5.2879
6.9501 0.0000 4.1422
8.6646 0.0000 5.1641
10.3931 0.0000 6.1943
0.9460 0.0000 0.5638
4.6538 0.0000 2.7736
10.6702 0.0000 6.3594
6.2574 0.0000 3.7294
7.4014 0.0000 4.4112
5.1758 0.0000 3.0848
4.6565 0.0000 2.7753
8.4812 0.0000 5.0548
6.0769 0.0000 3.6219
5.6553 0.0000 3.3705
8.1813 0.0000 4.8760
6.8821 0.0000 4.1017
10.7589 0.0000 6.4123
13.9905 0.0000 8.3383
16.7596 0.0000 9.9887
16.1893 0.0000 9.6488
3.8269 0.0000 2.2808
11.6778 0.0000 6.9600
7.9519 0.0000 4.7393
8.1944 0.0000 4.8838
6.7236 0.0000 4.0073
6.8734 0.0000 4.0966
7.5414 0.0000 4.4947
6.3099 0.0000 3.7607
9.2107 0.0000 5.4896
7.8294 0.0000 4.6663
7.0158 0.0000 4.1814
7.5036 0.0000 4.4721
6.4877 0.0000 3.8667
8.9567 0.0000 5.3382
7.9378 0.0000 4.7309
5.4120 0.0000 3.2255
5.5403 0.0000 3.3020
5.5192 0.0000 3.2894
7.4608 0.0000 4.4466
12.0060 0.0000 7.1556
9.8916 0.0000 5.8954
5.6926 0.0000 3.3928
4.8977 0.0000 2.9190
12.8702 0.0000 7.6706
4.6283 0.0000 2.7585
6.0895 0.0000 3.6293
6.9981 0.0000 4.1709
10.6076 0.0000 6.3221
6.7469 0.0000 4.0212
4.1598 0.0000 2.4793
2.5323 0.0000 1.5092
8.2664 0.0000 4.9268
2.2922 0.0000 1.3662
17.3666 0.0000 10.3505
5.0091 0.0000 2.9854
8.0092 0.0000 4.7735
5.7159 0.0000 3.4067
12.3486 0.0000 7.3598
9.8751 0.0000 5.8856
13.0768 0.0000 7.7938
9.0994 0.0000 5.4232
4.2155 0.0000 2.5124
4.3347 0.0000 2.5835
4.4949 0.0000 2.6790
8.6700 0.0000 5.1673
13.8395 0.0000 8.2483
15.5099 0.0000 9.2439
14.4604 0.0000 8.6184
8.5869 0.0000 5.1178
3.5862 0.0000 2.1374
10.9781 0.0000 6.5429
4.8007 0.0000 2.8612
4.3704 0.0000 2.6047
5.0821 0.0000 3.0289
9.9265 0.0000 5.9162
13.2059 0.0000 7.8707
14.2279 0.0000 8.4798
7.7728 0.0000 4.6326
8.3152 0.0000 4.9559
5.6341 0.0000 3.3579
11.8610 0.0000 7.0691
1.9080 0.0000 1.1372
7.3711 0.0000 4.3932
7.7616 0.0000 4.6259
12.0973 0.0000 7.2100
11.7649 0.0000 7.0119
16.3078 0.0000 9.7194
14.5879 0.0000 8.6944
9.1208 0.0000 5.4360
5.9258 0.0000 3.5318
8.7670 0.0000 5.2251
11.5355 0.0000 6.8752
7.3572 0.0000 4.3849
11.2783 0.0000 6.7218
8.4214 0.0000 5.0192
11.8401 0.0000 7.0567
2.7063 0.0000 1.6130
6.8539 0.0000 4.0850
10.9053 0.0000 6.4995
9.8175 0.0000 5.8512
8.5161 0.0000 5.0756
9.4088 0.0000 5.6076
15.2179 0.0000 9.0699
9.8683 0.0000 5.8815
9.9585 0.0000 5.9353
16.2334 0.0000 9.6751
6.3014 0.0000 3.7557
10.2348 0.0000 6.0999
9.6417 0.0000 5.7464
6.8297 0.0000 4.0705
7.1923 0.0000 4.2866
9.5910 0.0000 5.7162
10.6929 0.0000 6.3730
6.4282 0.0000 3.8312
1.6884 0.0000 1.0063
9.3425 0.0000 5.5682
4.4746 0.0000 2.6668
14.4344 0.0000 8.6029
6.8999 0.0000 4.1123
11.0495 0.0000 6.5855
7.1054 0.0000 4.2348
4.3197 0.0000 2.5745
5.4098 0.0000 3.2242
6.9440 0.0000 4.1386
6.9828 0.0000 4.1617
6.5437 0.0000 3.9000
15.7259 0.0000 9.3727
8.5905 0.0000 5.1199
13.0086 0.0000 7.7531
2.6623 0.0000 1.5867
16.2778 0.0000 9.7016
10.2975 0.0000 6.1373
11.8004 0.0000 7.0330
9.3101 0.0000 5.5488
6.5654 0.0000 3.9130
8.5896 0.0000 5.1194
7.2484 0.0000 4.3201
8.9490 0.0000 5.3336
8.6558 0.0000 5.1589
9.0414 0.0000 5.3887
1.3421 0.0000 0.7999
7.8500 0.0000 4.6786
8.6110 0.0000 5.1322
11.2396 0.0000 6.6988
6.6019 0.0000 3.9347
11.4479 0.0000 6.8229
5.0561 0.0000 3.0135
7.8232 0.0000 4.6626
2.6687 0.0000 1.5906
15.9038 0.0000 9.4787
6.5052 0.0000 3.8771
4.8233 0.0000 2.8747
10.8297 0.0000 6.4545
10.6399 0.0000 6.3414
15.2456 0.0000 9.0864
14.4844 0.0000 8.6327
6.3794 0.0000 3.8021
5.2459 0.0000 3.1265
9.4471 0.0000 5.6305
5.1741 0.0000 3.0838
4.4982 0.0000 2.6809
9.5592 0.0000 5.6973
10.4994 0.0000 6.2577
8.4196 0.0000 5.0181
3.5320 0.0000 2.1050
6.8410 0.0000 4.0772
4.9155 0.0000 2.9296
11.0851 0.0000 6.6067
4.7068 0.0000 2.8053
6.6558 0.0000 3.9669
5.1783 0.0000 3.0863
9.9940 0.0000 5.9564
11.0718 0.0000 6.5988
2.7878 0.0000 1.6615
4.6958 0.0000 2.7987
6.0277 0.0000 3.5925
8.8965 0.0000 5.3023
4.7068 0.0000 2.8053
5.0065 0.0000 2.9839
3.0979 0.0000 1.8463
7.9731 0.0000 4.7520
13.6035 0.0000 8.1077
8.7480 0.0000 5.2138
13.8077 0.0000 8.2294
5.8731 0.0000 3.5004
10.5862 0.0000 6.3094
7.8544 0.0000 4.6812
19.6095 0.0000 11.6873
9.9022 0.0000 5.9017
5.5160 0.0000 3.2876
4.9702 0.0000 2.9622
9.2970 0.0000 5.5410
9.4452 0.0000 5.6293
8.2633 0.0000 4.9249
8.6004 0.0000 5.1258
10.5024 0.0000 6.2594
10.1328 0.0000 6.0391
3.7692 0.0000 2.2465
6.3694 0.0000 3.7962
10.7134 0.0000 6.3852
7.5052 0.0000 4.4731
9.7318 0.0000 5.8001
15.1971 0.0000 9.0575
12.0052 0.0000 7.1551
15.5190 0.0000 9.2493
4.7414 0.0000 2.8258
13.6546 0.0000 8.1381
11.6318 0.0000 6.9326
5.7745 0.0000 3.4416
13.7530 0.0000 8.1968
3.6072 0.0000 2.1499
6.0428 0.0000 3.6015
11.4574 0.0000 6.8286
9.6458 0.0000 5.7489
13.4999 0.0000 8.0459
8.8978 0.0000 5.3031
7.8229 0.0000 4.6624
5.7258 0.0000 3.4126
8.9081 0.0000 5.3092
10.3330 0.0000 6.1585
6.8165 0.0000 4.0626
4.1602 0.0000 2.4795
5.2949 0.0000 3.1558
12.0716 0.0000 7.1947
15.6674 0.0000 9.3378
7.8512 0.0000 4.6793
6.2217 0.0000 3.7081
13.9202 0.0000 8.2964
11.5260 0.0000 6.8695
5.6953 0.0000 3.3944
3.5503 0.0000 2.1160
12.4838 0.0000 7.4403
5.6283 0.0000 3.3545
14.9272 0.0000 8.8966
6.9124 0.0000 4.1198
10.3931 0.0000 6.1943
11.1546 0.0000 6.6481
5.5864 0.0000 3.3295
3.8626 0.0000 2.3021
11.4665 0.0000 6.8340
8.0880 0.0000 4.8205
5.3476 0.0000 3.1872
4.5571 0.0000 2.7160
12.2900 0.0000 7.3248
10.2361 0.0000 6.1007
4.0528 0.0000 2.4155
5.3096 0.0000 3.1645
5.6054 0.0000 3.3408
9.1833 0.0000 5.4733
14.4160 0.0000 8.5920
12.8885 0.0000 7.6815
9.8037 0.0000 5.8430
7.8282 0.0000 4.6656
15.0017 0.0000 8.9410
14.6580 0.0000 8.7362
4.3396 0.0000 2.5864
3.5025 0.0000 2.0875
8.6851 0.0000 5.1763
7.9708 0.0000 4.7506
4.7236 0.0000 2.8152
1.6675 0.0000 0.9938
10.2298 0.0000 6.0969
10.7998 0.0000 6.4367
12.5881 0.0000 7.5025
15.8054 0.0000 9.4200
7.4349 0.0000 4.4312
5.0306 0.0000 2.9982
11.5510 0.0000 6.8844
5.3879 0.0000 3.2112
6.8641 0.0000 4.0910
9.0752 0.0000 5.4088
5.6202 0.0000 3.3496
10.4392 0.0000 6.2218
5.7176 0.0000 3.4077
11.2816 0.0000 6.7238
7.3826 0.0000 4.4000
9.8637 0.0000 5.8788
7.2717 0.0000 4.3339
8.9363 0.0000 5.3261
15.4568 0.0000 9.2122
5.6059 0.0000 3.3411
3.4184 0.0000 2.0374
12.7968 0.0000 7.6269
5.8461 0.0000 3.4843
6.3313 0.0000 3.7735
6.8420 0.0000 4.0778
10.0297 0.0000 5.9777
8.0801 0.0000 4.8157
10.1955 0.0000 6.0765
7.4668 0.0000 4.4502
4.0610 0.0000 2.4204
2.2526 0.0000 1.3426
13.8169 0.0000 8.2349
4.5563 0.0000 2.7156
4.1561 0.0000 2.4771
3.4301 0.0000 2.0443
13.7613 0.0000 8.2018
8.2637 0.0000 4.9252
8.3428 0.0000 4.9723
3.3021 0.0000 1.9680
5.7947 0.0000 3.4537
4.2792 0.0000 2.5504
3.6445 0.0000 2.1721
5.2342 0.0000 3.1196
7.3523 0.0000 4.3820
9.2209 0.0000 5.4957
12.4272 0.0000 7.4066
1.8537 0.0000 1.1048
12.9169 0.0000 7.6985
6.0037 0.0000 3.5782
7.1422 0.0000 4.2568
6.8835 0.0000 4.1026
11.4536 0.0000 6.8263
1.8184 0.0000 1.0838
8.3726 0.0000 4.9901
10.1206 0.0000 6.0319
12.8003 0.0000 7.6290
14.0240 0.0000 8.3583
11.5548 0.0000 6.8866
10.4002 0.0000 6.1985
11.9968 0.0000 7.1501
8.9200 0.0000 5.3163
11.7809 0.0000 7.0214
13.9207 0.0000 8.2967
10.3935 0.0000 6.1945
5.6616 0.0000 3.3743
5.9053 0.0000 3.5196
15.4275 0.0000 9.1948
5.2481 0.0000 3.1279
3.7689 0.0000 2.2463
4.3498 0.0000 2.5925
7.6746 0.0000 4.5741
5.9121 0.0000 3.5236
10.7387 0.0000 6.4003
7.3833 0.0000 4.4004
6.8040 0.0000 4.0552
11.1878 0.0000 6.6679
9.1469 0.0000 5.4516
5.0692 0.0000 3.0212
7.6378 0.0000 4.5521
5.3249 0.0000 3.1736
13.1989 0.0000 7.8665
10.1028 0.0000 6.0212
5.9727 0.0000 3.5597
9.5650 0.0000 5.7008
6.5263 0.0000 3.8897
13.7804 0.0000 8.2131
7.9705 0.0000 4.7504
14.0749 0.0000 8.3887
2.8336 0.0000 1.6888
12.1582 0.0000 7.2463
12.3407 0.0000 7.3550
8.6780 0.0000 5.1721
7.1199 0.0000 4.2435
4.9595 0.0000 2.9559
4.4204 0.0000 2.6346
4.0740 0.0000 2.4281
3.4002 0.0000 2.0265
7.3564 0.0000 4.3844
6.0701 0.0000 3.6178
12.5524 0.0000 7.4812
12.2405 0.0000 7.2953
5.5772 0.0000 3.3240
14.8498 0.0000 8.8505
4.6147 0.0000 2.7504
3.0174 0.0000 1.7984
7.7884 0.0000 4.6419
11.4986 0.0000 6.8532
5.7574 0.0000 3.4314
11.5535 0.0000 6.8859
6.1745 0.0000 3.6800
8.2772 0.0000 4.9332
10.4509 0.0000 6.2287
2.6778 0.0000 1.5960
15.0611 0.0000 8.9764
7.5189 0.0000 4.4813
10.4019 0.0000 6.1995
10.8735 0.0000 6.4806
8.2359 0.0000 4.9086
5.4576 0.0000 3.2527
4.2165 0.0000 2.5130
6.3683 0.0000 3.7955
9.0085 0.0000 5.3691
11.7516 0.0000 7.0040
5.5597 0.0000 3.3136
14.6786 0.0000 8.7485
18.0650 0.0000 10.7667
10.0530 0.0000 5.9916
5.3675 0.0000 3.1990
9.0973 0.0000 5.4220
3.7707 0.0000 2.2474
9.5213 0.0000 5.6747
13.9531 0.0000 8.3161
8.5283 0.0000 5.0828
12.4159 0.0000 7.3999
6.8255 0.0000 4.0680
13.4702 0.0000 8.0282
8.5329 0.0000 5.0856
3.7790 0.0000 2.2523
7.1986 0.0000 4.2904
4.4858 0.0000 2.6735
12.0078 0.0000 7.1567
5.5109 0.0000 3.2845
2.0547 0.0000 1.2246
11.8828 0.0000 7.0822
4.2683 0.0000 2.5439
12.9823 0.0000 7.7375
9.4326 0.0000 5.6218
4.9362 0.0000 2.9420
12.3600 0.0000 7.3665
7.1015 0.0000 4.2325
14.6202 0.0000 8.7136
16.2412 0.0000 9.6797
12.5600 0.0000 7.4858
5.5205 0.0000 3.2902
4.3823 0.0000 2.6118
6.7725 0.0000 4.0364
7.8147 0.0000 4.6575
3.9973 0.0000 2.3824
4.4515 0.0000 2.6531
13.2742 0.0000 7.9114
6.6194 0.0000 3.9452
27.0714 0.0000 16.1345
3.7559 0.0000 2.2385
6.9230 0.0000 4.1261
8.8513 0.0000 5.2754
8.1704 0.0000 4.8695
6.3731 0.0000 3.7984
5.1670 0.0000 3.0795
6.8987 0.0000 4.1116
5.7579 0.0000 3.4317
3.4677 0.0000 2.0667
10.1032 0.0000 6.0215
9.5898 0.0000 5.7155
8.3688 0.0000 4.9878
5.1805 0.0000 3.0876
7.4687 0.0000 4.4514
12.5693 0.0000 7.4913
5.9360 0.0000 3.5379
5.3119 0.0000 3.1659
4.7247 0.0000 2.8159
3.7698 0.0000 2.2468
4.9983 0.0000 2.9790
6.7054 0.0000 3.9964
9.3050 0.0000 5.5458
6.3291 0.0000 3.7722
8.5291 0.0000 5.0833
5.3090 0.0000 3.1642
6.5589 0.0000 3.9091
12.9386 0.0000 7.7114
7.8285 0.0000 4.6658
4.1640 0.0000 2.4817
11.4943 0.0000 6.8506
7.6860 0.0000 4.5808
3.0959 0.0000 1.8452
8.9303 0.0000 5.3224
5.2165 0.0000 3.1090
5.0622 0.0000 3.0171
9.3973 0.0000 5.6008
12.1968 0.0000 7.2693
6.3683 0.0000 3.7955
14.3695 0.0000 8.5642
6.0790 0.0000 3.6231
5.8707 0.0000 3.4989
12.6920 0.0000 7.5644
12.1585 0.0000 7.2465
8.8518 0.0000 5.2757
7.3542 0.0000 4.3831
3.1882 0.0000 1.9002
4.0375 0.0000 2.4064
5.0383 0.0000 3.0028
12.0038 0.0000 7.1543
15.1010 0.0000 9.0002
4.3279 0.0000 2.5794
9.5317 0.0000 5.6809
8.8532 0.0000 5.2765
10.7121 0.0000 6.3844
6.9000 0.0000 4.1124
7.1586 0.0000 4.2666
15.5296 0.0000 9.2556
10.4689 0.0000 6.2394
13.4566 0.0000 8.0201
4.8940 0.0000 2.9168
3.9576 0.0000 2.3587
13.7252 0.0000 8.1802
8.3631 0.0000 4.9844
10.6733 0.0000 6.3613
10.3117 0.0000 6.1458
6.2824 0.0000 3.7443
5.0863 0.0000 3.0314
14.0741 0.0000 8.3882
4.4237 0.0000 2.6365
6.5861 0.0000 3.9253
4.3704 0.0000 2.6047
2.0245 0.0000 1.2066
7.3190 0.0000 4.3621
6.1980 0.0000 3.6940
4.8256 0.0000 2.8761
14.6494 0.0000 8.7311
7.2672 0.0000 4.3313
14.1086 0.0000 8.4087
12.8226 0.0000 7.6423
14.5933 0.0000 8.6976
10.6193 0.0000 6.3291
4.3451 0.0000 2.5897
11.4605 0.0000 6.8305
9.8248 0.0000 5.8556
8.2066 0.0000 4.8911
10.7568 0.0000 6.4110
9.6490 0.0000 5.7508
8.2113 0.0000 4.8939
6.9054 0.0000 4.1156
5.9619 0.0000 3.5533
11.3979 0.0000 6.7931
6.8798 0.0000 4.1004
12.8536 0.0000 7.6608
8.2104 0.0000 4.8934
6.2227 0.0000 3.7087
4.4494 0.0000 2.6519
5.3780 0.0000 3.2053
9.8150 0.0000 5.8497
5.9978 0.0000 3.5747
8.2723 0.0000 4.9303
1.8568 0.0000 1.1067
10.8901 0.0000 6.4905
6.1998 0.0000 3.6951
2.9142 0.0000 1.7369
9.4606 0.0000 5.6385
15.4891 0.0000 9.2315
7.8830 0.0000 4.6983
7.7089 0.0000 4.5945
5.4608 0.0000 3.2546
14.3527 0.0000 8.5542
11.3363 0.0000 6.7564
6.5827 0.0000 3.9233
10.0931 0.0000 6.0155
6.5353 0.0000 3.8951
15.6466 0.0000 9.3254
7.7663 0.0000 4.6287
14.9070 0.0000 8.8846
6.9459 0.0000 4.1398
9.5962 0.0000 5.7193
5.7604 0.0000 3.4332
3.7270 0.0000 2.2213
12.8883 0.0000 7.6815
7.9409 0.0000 4.7328
18.5269 0.0000 11.0420
8.0637 0.0000 4.8060
4.6097 0.0000 2.7474
11.3282 0.0000 6.7516
4.9801 0.0000 2.9681
7.9460 0.0000 4.7358
5.1352 0.0000 3.0606
7.9694 0.0000 4.7498
6.2594 0.0000 3.7306
7.3915 0.0000 4.4053
8.9640 0.0000 5.3425
12.8342 0.0000 7.6492
11.0500 0.0000 6.5858
9.2397 0.0000 5.5069
11.4811 0.0000 6.8427
9.5239 0.0000 5.6762
4.2818 0.0000 2.5519
9.6777 0.0000 5.7679
15.2693 0.0000 9.1005
8.2460 0.0000 4.9146
10.7370 0.0000 6.3992
9.5367 0.0000 5.6839
7.9374 0.0000 4.7307
7.8106 0.0000 4.6551
6.5841 0.0000 3.9241
3.8990 0.0000 2.3238
10.7058 0.0000 6.3807
12.2874 0.0000 7.3233
9.0268 0.0000 5.3800
6.2534 0.0000 3.7270
7.8017 0.0000 4.6498
7.7031 0.0000 4.5910
16.2721 0.0000 9.6982
15.0806 0.0000 8.9880
5.7712 0.0000 3.4397
10.5383 0.0000 6.2809
4.3343 0.0000 2.5832
3.9433 0.0000 2.3502
7.4218 0.0000 4.4234
4.7743 0.0000 2.8455
9.7932 0.0000 5.8368
5.2582 0.0000 3.1339
4.2988 0.0000 2.5621
8.4932 0.0000 5.0620
14.4718 0.0000 8.6252
7.0154 0.0000 4.1812
5.7776 0.0000 3.4434
21.6332 0.0000 12.8934
6.2404 0.0000 3.7193
4.6803 0.0000 2.7895
5.3681 0.0000 3.1994
6.5647 0.0000 3.9126
10.4659 0.0000 6.2377
11.8525 0.0000 7.0641
11.9683 0.0000 7.1331
2.0711 0.0000 1.2344
9.7673 0.0000 5.8213
6.9610 0.0000 4.1487
6.6826 0.0000 3.9828
5.3023 0.0000 3.1602
10.9088 0.0000 6.5016
12.3156 0.0000 7.3401
12.0492 0.0000 7.1813
7.9590 0.0000 4.7436
6.3136 0.0000 3.7629
4.3641 0.0000 2.6010
9.2897 0.0000 5.5367
7.0994 0.0000 4.2312
3.7466 0.0000 2.2330
8.3640 0.0000 4.9850
12.9655 0.0000 7.7274
5.5018 0.0000 3.2790
18.5484 0.0000 11.0548
12.2180 0.0000 7.2819
15.6822 0.0000 9.3466
17.0082 0.0000 10.1369
8.4580 0.0000 5.0410
2.4642 0.0000 1.4686
11.1392 0.0000 6.6390
5.9830 0.0000 3.5658
6.1438 0.0000 3.6617
3.9952 0.0000 2.3811
4.7564 0.0000 2.8348
10.8162 0.0000 6.4465
11.4398 0.0000 6.8181
9.2610 0.0000 5.5195
4.9256 0.0000 2.9357
18.2083 0.0000 10.8522
7.2312 0.0000 4.3098
6.4136 0.0000 3.8225
13.2949 0.0000 7.9238
5.0902 0.0000 3.0338
5.0254 0.0000 2.9951
5.8799 0.0000 3.5044
3.7508 0.0000 2.2355
7.1827 0.0000 4.2809
7.6951 0.0000 4.5863
7.0191 0.0000 4.1834
13.0762 0.0000 7.7934
3.6339 0.0000 2.1658
9.4541 0.0000 5.6346
4.9829 0.0000 2.9698
8.0485 0.0000 4.7969
9.8142 0.0000 5.8493
7.1037 0.0000 4.2338
13.0572 0.0000 7.7821
8.9714 0.0000 5.3470
3.7015 0.0000 2.2061
7.2263 0.0000 4.3069
11.7623 0.0000 7.0104
7.5838 0.0000 4.5200
2.9655 0.0000 1.7674
8.1051 0.0000 4.8306
7.1920 0.0000 4.2864
6.2082 0.0000 3.7001
7.6377 0.0000 4.5521
11.2325 0.0000 6.6945
5.8888 0.0000 3.5097
9.7849 0.0000 5.8318
5.7497 0.0000 3.4268
7.4830 0.0000 4.4599
14.6238 0.0000 8.7158
7.6579 0.0000 4.5641
8.2436 0.0000 4.9132
6.7409 0.0000 4.0176
4.1558 0.0000 2.4769
7.3856 0.0000 4.4018
3.3443 0.0000 1.9932
7.0287 0.0000 4.1891
8.3084 0.0000 4.9518
5.9658 0.0000 3.5556
6.7391 0.0000 4.0165
6.9066 0.0000 4.1164
11.5549 0.0000 6.8867
5.2310 0.0000 3.1176
5.2386 0.0000 3.1222
10.7744 0.0000 6.4215
7.9411 0.0000 4.7329
5.1942 0.0000 3.0957
6.5237 0.0000 3.8881
5.2278 0.0000 3.1158
10.4029 0.0000 6.2001
7.9911 0.0000 4.7627
11.2588 0.0000 6.7102
5.4788 0.0000 3.2654
11.9003 0.0000 7.0925
7.0349 0.0000 4.1928
12.7149 0.0000 7.5781
7.7980 0.0000 4.6476
7.9537 0.0000 4.7404
7.2878 0.0000 4.3435
10.3673 0.0000 6.1789
10.0415 0.0000 5.9847
13.7575 0.0000 8.1995
3.8676 0.0000 2.3051
3.6969 0.0000 2.2033
10.2374 0.0000 6.1015
3.6955 0.0000 2.2025
10.8631 0.0000 6.4744
18.3109 0.0000 10.9133
7.4428 0.0000 4.4359
2.9848 0.0000 1.7789
9.2067 0.0000 5.4872
5.7234 0.0000 3.4112
5.5007 0.0000 3.2784
9.8441 0.0000 5.8671
10.4844 0.0000 6.2487
7.7027 0.0000 4.5908
10.0373 0.0000 5.9822
6.5644 0.0000 3.9124
3.4234 0.0000 2.0403
8.5789 0.0000 5.1130
6.3652 0.0000 3.7937
1.2334 0.0000 0.7351
14.2961 0.0000 8.5205
13.7866 0.0000 8.2168
9.6231 0.0000 5.7353
9.3090 0.0000 5.5481
13.2572 0.0000 7.9013
10.3620 0.0000 6.1757
2.1264 0.0000 1.2674
5.5229 0.0000 3.2917
4.1761 0.0000 2.4890
15.3413 0.0000 9.1434
11.9594 0.0000 7.1278
5.9639 0.0000 3.5545
11.2778 0.0000 6.7216
5.6071 0.0000 3.3418
7.1083 0.0000 4.2365
5.0842 0.0000 3.0302
6.0251 0.0000 3.5910
12.6989 0.0000 7.5686
4.7296 0.0000 2.8188
10.5779 0.0000 6.3044
8.0888 0.0000 4.8209
6.2816 0.0000 3.7438
3.3314 0.0000 1.9855
7.1499 0.0000 4.2614
8.7053 0.0000 5.1884
6.4522 0.0000 3.8455
1.8768 0.0000 1.1186
7.6794 0.0000 4.5769
9.5505 0.0000 5.6921
20.6294 0.0000 12.2951
8.0205 0.0000 4.7802
9.9967 0.0000 5.9581
11.9553 0.0000 7.1254
4.7117 0.0000 2.8082
4.0773 0.0000 2.4300
2.4567 0.0000 1.4642
3.6719 0.0000 2.1884
13.6980 0.0000 8.1640
17.6716 0.0000 10.5323
6.2791 0.0000 3.7423
15.7082 0.0000 9.3621
8.4981 0.0000 5.0649
5.1806 0.0000 3.0876
4.1668 0.0000 2.4834
5.2724 0.0000 3.1423
9.9548 0.0000 5.9330
9.5806 0.0000 5.7100
3.7653 0.0000 2.2441
11.7445 0.0000 6.9997
5.0944 0.0000 3.0363
6.9385 0.0000 4.1353
5.9065 0.0000 3.5203
11.9069 0.0000 7.0965
8.6555 0.0000 5.1587
6.5015 0.0000 3.8749
5.3090 0.0000 3.1642
4.5646 0.0000 2.7205
10.4020 0.0000 6.1996
4.9629 0.0000 2.9579
7.9192 0.0000 4.7198
9.3827 0.0000 5.5921
7.6243 0.0000 4.5441
5.0094 0.0000 2.9856
3.1480 0.0000 1.8762
6.0052 0.0000 3.5791
9.7259 0.0000 5.7966
4.4840 0.0000 2.6725
7.8950 0.0000 4.7054
6.1982 0.0000 3.6941
12.3395 0.0000 7.3543
11.9313 0.0000 7.1110
18.8574 0.0000 11.2390
5.8259 0.0000 3.4722
9.6216 0.0000 5.7345
7.2531 0.0000 4.3228
17.7642 0.0000 10.5875
7.8104 0.0000 4.6550
14.8480 0.0000 8.8494
10.5235 0.0000 6.2720
4.2435 0.0000 2.5291
5.3844 0.0000 3.2091
9.4359 0.0000 5.6238
9.1846 0.0000 5.4740
4.5284 0.0000 2.6990
5.4403 0.0000 3.2424
4.1195 0.0000 2.4552
2.7589 0.0000 1.6443
13.4368 0.0000 8.0083
9.9308 0.0000 5.9188
13.4150 0.0000 7.9953
20.0473 0.0000 11.9482
10.6156 0.0000 6.3269
14.3336 0.0000 8.5428
8.6467 0.0000 5.1534
5.8462 0.0000 3.4843
12.4984 0.0000 7.4490
12.4152 0.0000 7.3994
7.4280 0.0000 4.4271
4.0443 0.0000 2.4104
7.7653 0.0000 4.6281
7.9513 0.0000 4.7390
10.6254 0.0000 6.3327
9.3334 0.0000 5.5627
8.5264 0.0000 5.0817
9.1005 0.0000 5.4239
7.4573 0.0000 4.4446
4.1096 0.0000 2.4493
10.5939 0.0000 6.3139
10.1029 0.0000 6.0213
5.8480 0.0000 3.4854
5.7165 0.0000 3.4070
12.1730 0.0000 7.2551
8.0801 0.0000 4.8157
7.6496 0.0000 4.5592
5.4478 0.0000 3.2469
4.7201 0.0000 2.8132
6.0113 0.0000 3.5828
5.9017 0.0000 3.5174
9.7319 0.0000 5.8002
6.2467 0.0000 3.7230
2.0403 0.0000 1.2160
8.7339 0.0000 5.2054
9.5308 0.0000 5.6804
5.3643 0.0000 3.1971
6.5643 0.0000 3.9123
6.9363 0.0000 4.1341
4.4457 0.0000 2.6497
7.0279 0.0000 4.1887
11.8290 0.0000 7.0501
7.9644 0.0000 4.7468
6.1878 0.0000 3.6879
15.8160 0.0000 9.4263
8.2969 0.0000 4.9449
9.6579 0.0000 5.7561
7.0549 0.0000 4.2047
2.1550 0.0000 1.2844
8.4810 0.0000 5.0547
11.1936 0.0000 6.6714
7.5666 0.0000 4.5097
11.7071 0.0000 6.9774
8.0260 0.0000 4.7835
9.5238 0.0000 5.6762
6.7084 0.0000 3.9982
12.1278 0.0000 7.2282
12.8513 0.0000 7.6594
5.3056 0.0000 3.1621
11.6244 0.0000 6.9281
5.9593 0.0000 3.5517
6.1076 0.0000 3.6401
14.9056 0.0000 8.8838
6.4724 0.0000 3.8576
8.1914 0.0000 4.8821
6.1164 0.0000 3.6454
7.5860 0.0000 4.5213
8.7332 0.0000 5.2050
2.9666 0.0000 1.7681
5.6471 0.0000 3.3657
10.4967 0.0000 6.2560
10.8339 0.0000 6.4570
13.3288 0.0000 7.9440
14.5672 0.0000 8.6821
11.3025 0.0000 6.7363
5.2622 0.0000 3.1363
6.5023 0.0000 3.8754
7.9079 0.0000 4.7131
5.2633 0.0000 3.1369
3.6948 0.0000 2.2021
15.1336 0.0000 9.0196
10.3401 0.0000 6.1627
8.3402 0.0000 4.9708
10.0294 0.0000 5.9775
9.2876 0.0000 5.5354
5.8612 0.0000 3.4933
4.9792 0.0000 2.9676
17.1514 0.0000 10.2222
4.3030 0.0000 2.5646
5.0391 0.0000 3.0033
17.2831 0.0000 10.3007
4.0844 0.0000 2.4343
13.0238 0.0000 7.7622
12.5341 0.0000 7.4703
10.4461 0.0000 6.2259
14.3659 0.0000 8.5621
10.5559 0.0000 6.2913
5.5767 0.0000 3.3237
14.2037 0.0000 8.4654
5.0855 0.0000 3.0310
13.8857 0.0000 8.2759
12.9020 0.0000 7.6896
5.8975 0.0000 3.5149
6.7795 0.0000 4.0406
5.3580 0.0000 3.1934
7.9999 0.0000 4.7679
10.4383 0.0000 6.2213
1.7414 0.0000 1.0379
11.1171 0.0000 6.6258
2.6994 0.0000 1.6088
5.3333 0.0000 3.1787
8.2900 0.0000 4.9408
10.9827 0.0000 6.5457
7.7945 0.0000 4.6455
10.3895 0.0000 6.1922
7.1300 0.0000 4.2495
7.7355 0.0000 4.6103
5.6707 0.0000 3.3797
5.0353 0.0000 3.0010
10.0633 0.0000 5.9977
6.3250 0.0000 3.7697
8.5241 0.0000 5.0804
7.5249 0.0000 4.4849
10.9740 0.0000 6.5405
9.0111 0.0000 5.3706
8.2729 0.0000 4.9306
13.5099 0.0000 8.0519
7.2198 0.0000 4.3030
8.2377 0.0000 4.9097
6.0301 0.0000 3.5939
14.5888 0.0000 8.6950
8.5074 0.0000 5.0704
16.3793 0.0000 9.7621
6.8295 0.0000 4.0704
24.3338 0.0000 14.5029
6.9049 0.0000 4.1153
13.2212 0.0000 7.8798
10.7378 0.0000 6.3997
10.2242 0.0000 6.0936
18.6904 0.0000 11.1395
6.2669 0.0000 3.7351
8.9424 0.0000 5.3297
9.6243 0.0000 5.7361
9.6064 0.0000 5.7254
11.6137 0.0000 6.9218
4.4501 0.0000 2.6523
6.5046 0.0000 3.8768
10.3527 0.0000 6.1702
6.4792 0.0000 3.8616
7.3403 0.0000 4.3748
7.5163 0.0000 4.4797
7.2326 0.0000 4.3106
11.7482 0.0000 7.0020
9.4023 0.0000 5.6038
8.1061 0.0000 4.8313
6.5002 0.0000 3.8741
13.1995 0.0000 7.8669
5.1465 0.0000 3.0673
10.1309 0.0000 6.0380
6.5742 0.0000 3.9182
3.8604 0.0000 2.3008
5.2611 0.0000 3.1356
8.0284 0.0000 4.7850
7.4965 0.0000 4.4679
5.8236 0.0000 3.4708
5.4071 0.0000 3.2226
4.0102 0.0000 2.3901
13.1124 0.0000 7.8150
7.5274 0.0000 4.4863
7.8747 0.0000 4.6933
2.6879 0.0000 1.6020
4.1083 0.0000 2.4485
8.0257 0.0000 4.7833
6.3114 0.0000 3.7616
5.6351 0.0000 3.3585
5.3143 0.0000 3.1673
1.1196 0.0000 0.6673
11.1632 0.0000 6.6533
11.4396 0.0000 6.8180
9.3879 0.0000 5.5952
13.0742 0.0000 7.7922
9.5309 0.0000 5.6804
4.7213 0.0000 2.8139
3.8069 0.0000 2.2689
4.5103 0.0000 2.6881
20.5044 0.0000 12.2206
8.6085 0.0000 5.1307
11.5443 0.0000 6.8804
3.5232 0.0000 2.0998
2.5341 0.0000 1.5103
5.7170 0.0000 3.4074
6.2450 0.0000 3.7220
5.2034 0.0000 3.1012
10.9029 0.0000 6.4981
12.6155 0.0000 7.5189
13.4976 0.0000 8.0446
4.2915 0.0000 2.5577
5.9827 0.0000 3.5657
7.5207 0.0000 4.4823
9.8982 0.0000 5.8993
13.1551 0.0000 7.8404
13.8567 0.0000 8.2586
9.9479 0.0000 5.9289
2.5060 0.0000 1.4936
8.5387 0.0000 5.0891
2.9290 0.0000 1.7457
4.9409 0.0000 2.9448
6.6799 0.0000 3.9812
6.4234 0.0000 3.8284
6.0474 0.0000 3.6043
8.2547 0.0000 4.9198
5.3823 0.0000 3.2079
12.1082 0.0000 7.2165
9.9358 0.0000 5.9217
11.2520 0.0000 6.7062
5.3408 0.0000 3.1831
5.4527 0.0000 3.2498
7.4065 0.0000 4.4143
12.3311 0.0000 7.3493
16.4099 0.0000 9.7803
7.8844 0.0000 4.6991
8.5316 0.0000 5.0848
8.0807 0.0000 4.8161
6.0299 0.0000 3.5938
5.3721 0.0000 3.2018
2.0584 0.0000 1.2268
11.5126 0.0000 6.8615
16.8191 0.0000 10.0242
6.3071 0.0000 3.7590
6.3899 0.0000 3.8084
14.3187 0.0000 8.5339
19.6918 0.0000 11.7363
16.4414 0.0000 9.7991
12.7798 0.0000 7.6168
4.1660 0.0000 2.4830
10.3206 0.0000 6.1511
