1.677571 0.000000 1.000000
1.677571 0.000000 1.000000
1.677571 0.000000 1.000000
1.677571 0.000000 1.000000
1.677571 0.000000 1.000000
1.677571 0.000000 1.000000
1.677571 0.000000 1.000000
1.677571 0.000000 1.000000
1.677571 0.000000 1.000000
1.677571 0.000000 1.000000
1.677571 0.000000 1.000000
1.677571 0.000000 1.000000
1.677571 0.000000 1.000000
1.677571 0.000000 1.000000
1.677571 0.000000 1.000000
1.677571 0.000000 1.000000
1.677571 0.000000 1.000000
1.677571 0.000000 1.000000
1.677571 0.000000 1.000000
1.677571 0.000000 1.000000
1.677571 0.000000 1.000000
1.677571 0.000000 1.000000
1.677571 0.000000 1.000000
1.677571 0.000000 1.000000
1.677571 0.000000 1.000000
1.677571 0.000000 1.000000
1.677571 0.000000 1.000000
1.677571 0.000000 1.000000
1.677571 0.000000 1.000000
1.677571 0.000000 1.000000
1.677571 0.000000 1.000000
1.677571 0.000000 1.000000
1.677571 0.000000 1.000000
1.677571 0.000000 1.000000
1.677571 0.000000 1.000000
1.677571 0.000000 1.000000
1.677571 0.000000 1.000000
1.677571 0.000000 1.000000
1.677571 0.000000 1.000000
1.677571 0.000000 1.000000
1.677571 0.000000 1.000000
1.677571 0.000000 1.000000
1.677571 0.000000 1.000000
1.677571 0.000000 1.000000
1.677571 0.000000 1.000000
1.677571 0.000000 1.000000
1.677571 0.000000 1.000000
1.677571 0.000000 1.000000
1.677571 0.000000 1.000000
1.677571 0.000000 1.000000
1.677571 0.000000 1.000000
1.677571 0.000000 1.000000
1.677571 0.000000 1.000000
1.677571 0.000000 1.000000
1.677571 0.000000 1.000000
1.677571 0.000000 1.000000
1.677571 0.000000 1.000000
1.677571 0.000000 1.000000
1.677571 0.000000 1.000000
1.677571 0.000000 1.000000
1.677571 0.000000 1.000000
1.677571 0.000000 1.000000
1.677571 0.000000 1.000000
1.677571 0.000000 1.000000
1.677571 0.000000 1.000000
1.677571 0.000000 1.000000
1.677571 0.000000 1.000000
1.677571 0.000000 1.000000
1.677571 0.000000 1.000000
1.677571 0.000000 1.000000
1.677571 0.000000 1.000000
1.677571 0.000000 1.000000
1.677571 0.000000 1.000000
1.677571 0.000000 1.000000
1.677571 0.000000 1.000000
1.677571 0.000000 1.000000
1.677571 0.000000 1.000000
1.677571 0.000000 1.000000
1.677571 0.000000 1.000000
1.677571 0.000000 1.000000
1.677571 0.000000 1.000000
1.677571 0.000000 1.000000
1.677571 0.000000 1.000000
1.677571 0.000000 1.000000
1.677571 0.000000 1.000000
1.677571 0.000000 1.000000
1.677571 0.000000 1.000000
1.677571 0.000000 1.000000
1.677571 0.000000 1.000000
1.677571 0.000000 1.000000
1.677571 0.000000 1.000000
1.677571 0.000000 1.000000
1.677571 0.000000 1.000000
1.677571 0.000000 1.000000
1.677571 0.000000 1.000000
1.677571 0.000000 1.000000
1.677571 0.000000 1.000000
1.677571 0.000000 1.000000
1.677571 0.000000 1.000000
1.677571 0.000000 1.000000
1.677571 0.000000 1.000000
1.677571 0.000000 1.000000
1.677571 0.000000 1.000000
1.677571 0.000000 1.000000
1.677571 0.000000 1.000000
1.677571 0.000000 1.000000
1.677571 0.000000 1.000000
1.677571 0.000000 1.000000
1.677571 0.000000 1.000000
1.677571 0.000000 1.000000
1.677571 0.000000 1.000000
1.677571 0.000000 1.000000
1.677571 0.000000 1.000000
1.677571 0.000000 1.000000
1.677571 0.000000 1.000000
1.677571 0.000000 1.000000
1.677571 0.000000 1.000000
1.677571 0.000000 1.000000
1.677571 0.000000 1.000000
1.677571 0.000000 1.000000
1.677571 0.000000 1.000000
1.677571 0.000000 1.000000
1.677571 0.000000 1.000000
1.677571 0.000000 1.000000
1.677571 0.000000 1.000000
1.677571 0.000000 1.000000
1.677571 0.000000 1.000000
1.677571 0.000000 1.000000
1.677571 0.000000 1.000000
1.677571 0.000000 1.000000
1.677571 0.000000 1.000000
1.677571 0.000000 1.000000
1.677571 0.000000 1.000000
1.677571 0.000000 1.000000
1.677571 0.000000 1.000000
1.677571 0.000000 1.000000
1.677571 0.000000 1.000000
1.677571 0.000000 1.000000
1.677571 0.000000 1.000000
1.677571 0.000000 1.000000
1.677571 0.000000 1.000000
1.677571 0.000000 1.000000
1.677571 0.000000 1.000000
1.677571 0.000000 1.000000
1.677571 0.000000 1.000000
1.677571 0.000000 1.000000
1.677571 0.000000 1.000000
1.677571 0.000000 1.000000
1.677571 0.000000 1.000000
1.677571 0.000000 1.000000
1.677571 0.000000 1.000000
1.677571 0.000000 1.000000
1.677571 0.000000 1.000000
1.677571 0.000000 1.000000
1.677571 0.000000 1.000000
1.677571 0.000000 1.000000
1.677571 0.000000 1.000000
1.677571 0.000000 1.000000
1.677571 0.000000 1.000000
1.677571 0.000000 1.000000
1.677571 0.000000 1.000000
1.677571 0.000000 1.000000
1.677571 0.000000 1.000000
1.677571 0.000000 1.000000
1.677571 0.000000 1.000000
1.677571 0.000000 1.000000
1.677571 0.000000 1.000000
1.677571 0.000000 1.000000
1.677571 0.000000 1.000000
1.677571 0.000000 1.000000
1.677571 0.000000 1.000000
1.677571 0.000000 1.000000
1.677571 0.000000 1.000000
1.677571 0.000000 1.000000
1.677571 0.000000 1.000000
1.677571 0.000000 1.000000
1.677571 0.000000 1.000000
1.677571 0.000000 1.000000
1.677571 0.000000 1.000000
1.677571 0.000000 1.000000
1.677571 0.000000 1.000000
1.677571 0.000000 1.000000
1.677571 0.000000 1.000000
1.677571 0.000000 1.000000
1.677571 0.000000 1.000000
1.677571 0.000000 1.000000
1.677571 0.000000 1.000000
1.677571 0.000000 1.000000
1.677571 0.000000 1.000000
1.677571 0.000000 1.000000
1.677571 0.000000 1.000000
1.677571 0.000000 1.000000
1.677571 0.000000 1.000000
1.677571 0.000000 1.000000
1.677571 0.000000 1.000000
1.677571 0.000000 1.000000
1.677571 0.000000 1.000000
1.677571 0.000000 1.000000
1.677571 0.000000 1.000000
1.677571 0.000000 1.000000
1.677571 0.000000 1.000000
1.677571 0.000000 1.000000
1.677571 0.000000 1.000000
1.677571 0.000000 1.000000
1.677571 0.000000 1.000000
1.677571 0.000000 1.000000
1.677571 0.000000 1.000000
1.677571 0.000000 1.000000
1.677571 0.000000 1.000000
1.677571 0.000000 1.000000
1.677571 0.000000 1.000000
1.677571 0.000000 1.000000
1.677571 0.000000 1.000000
1.677571 0.000000 1.000000
1.677571 0.000000 1.000000
1.677571 0.000000 1.000000
1.677571 0.000000 1.000000
1.677571 0.000000 1.000000
1.677571 0.000000 1.000000
1.677571 0.000000 1.000000
1.677571 0.000000 1.000000
1.677571 0.000000 1.000000
1.677571 0.000000 1.000000
1.677571 0.000000 1.000000
1.677571 0.000000 1.000000
1.677571 0.000000 1.000000
1.677571 0.000000 1.000000
1.677571 0.000000 1.000000
1.677571 0.000000 1.000000
1.677571 0.000000 1.000000
1.677571 0.000000 1.000000
1.677571 0.000000 1.000000
1.677571 0.000000 1.000000
1.677571 0.000000 1.000000
1.677571 0.000000 1.000000
1.677571 0.000000 1.000000
1.677571 0.000000 1.000000
1.677571 0.000000 1.000000
1.677571 0.000000 1.000000
1.677571 0.000000 1.000000
1.677571 0.000000 1.000000
1.677571 0.000000 1.000000
1.677571 0.000000 1.000000
1.677571 0.000000 1.000000
1.677571 0.000000 1.000000
1.677571 0.000000 1.000000
1.677571 0.000000 1.000000
1.677571 0.000000 1.000000
1.677571 0.000000 1.000000
1.677571 0.000000 1.000000
1.677571 0.000000 1.000000
1.677571 0.000000 1.000000
1.677571 0.000000 1.000000
1.677571 0.000000 1.000000
1.677571 0.000000 1.000000
1.677571 0.000000 1.000000
1.677571 0.000000 1.000000
1.677571 0.000000 1.000000
1.677571 0.000000 1.000000
1.677571 0.000000 1.000000
1.677571 0.000000 1.000000
1.677571 0.000000 1.000000
1.677571 0.000000 1.000000
1.677571 0.000000 1.000000
1.677571 0.000000 1.000000
1.677571 0.000000 1.000000
1.677571 0.000000 1.000000
1.677571 0.000000 1.000000
1.677571 0.000000 1.000000
1.677571 0.000000 1.000000
1.677571 0.000000 1.000000
1.677571 0.000000 1.000000
1.677571 0.000000 1.000000
1.677571 0.000000 1.000000
1.677571 0.000000 1.000000
1.677571 0.000000 1.000000
1.677571 0.000000 1.000000
1.677571 0.000000 1.000000
1.677571 0.000000 1.000000
1.677571 0.000000 1.000000
1.677571 0.000000 1.000000
1.677571 0.000000 1.000000
1.677571 0.000000 1.000000
1.677571 0.000000 1.000000
1.677571 0.000000 1.000000
1.677571 0.000000 1.000000
1.677571 0.000000 1.000000
1.677571 0.000000 1.000000
1.677571 0.000000 1.000000
1.677571 0.000000 1.000000
1.677571 0.000000 1.000000
1.677571 0.000000 1.000000
1.677571 0.000000 1.000000
1.677571 0.000000 1.000000
1.677571 0.000000 1.000000
1.677571 0.000000 1.000000
1.677571 0.000000 1.000000
1.677571 0.000000 1.000000
1.677571 0.000000 1.000000
1.677571 0.000000 1.000000
1.677571 0.000000 1.000000
1.677571 0.000000 1.000000
1.677571 0.000000 1.000000
1.677571 0.000000 1.000000
1.677571 0.000000 1.000000
1.677571 0.000000 1.000000
1.677571 0.000000 1.000000
1.677571 0.000000 1.000000
1.677571 0.000000 1.000000
1.677571 0.000000 1.000000
1.677571 0.000000 1.000000
1.677571 0.000000 1.000000
1.677571 0.000000 1.000000
1.677571 0.000000 1.000000
1.677571 0.000000 1.000000
1.677571 0.000000 1.000000
1.677571 0.000000 1.000000
1.677571 0.000000 1.000000
1.677571 0.000000 1.000000
1.677571 0.000000 1.000000
1.677571 0.000000 1.000000
1.677571 0.000000 1.000000
1.677571 0.000000 1.000000
1.677571 0.000000 1.000000
1.677571 0.000000 1.000000
1.677571 0.000000 1.000000
1.677571 0.000000 1.000000
1.677571 0.000000 1.000000
1.677571 0.000000 1.000000
1.677571 0.000000 1.000000
1.677571 0.000000 1.000000
1.677571 0.000000 1.000000
1.677571 0.000000 1.000000
1.677571 0.000000 1.000000
1.677571 0.000000 1.000000
1.677571 0.000000 1.000000
1.677571 0.000000 1.000000
1.677571 0.000000 1.000000
1.677571 0.000000 1.000000
1.677571 0.000000 1.000000
1.677571 0.000000 1.000000
1.677571 0.000000 1.000000
1.677571 0.000000 1.000000
1.677571 0.000000 1.000000
1.677571 0.000000 1.000000
1.677571 0.000000 1.000000
1.677571 0.000000 1.000000
1.677571 0.000000 1.000000
1.677571 0.000000 1.000000
1.677571 0.000000 1.000000
1.677571 0.000000 1.000000
1.677571 0.000000 1.000000
1.677571 0.000000 1.000000
1.677571 0.000000 1.000000
1.677571 0.000000 1.000000
1.677571 0.000000 1.000000
1.677571 0.000000 1.000000
1.677571 0.000000 1.000000
1.677571 0.000000 1.000000
1.677571 0.000000 1.000000
1.677571 0.000000 1.000000
1.677571 0.000000 1.000000
1.677571 0.000000 1.000000
1.677571 0.000000 1.000000
1.677571 0.000000 1.000000
1.677571 0.000000 1.000000
1.677571 0.000000 1.000000
1.677571 0.000000 1.000000
1.677571 0.000000 1.000000
1.677571 0.000000 1.000000
1.677571 0.000000 1.000000
1.677571 0.000000 1.000000
1.677571 0.000000 1.000000
1.677571 0.000000 1.000000
1.677571 0.000000 1.000000
1.677571 0.000000 1.000000
1.677571 0.000000 1.000000
1.677571 0.000000 1.000000
1.677571 0.000000 1.000000
1.677571 0.000000 1.000000
1.677571 0.000000 1.000000
1.677571 0.000000 1.000000
1.677571 0.000000 1.000000
1.677571 0.000000 1.000000
1.677571 0.000000 1.000000
1.677571 0.000000 1.000000
1.677571 0.000000 1.000000
1.677571 0.000000 1.000000
1.677571 0.000000 1.000000
1.677571 0.000000 1.000000
1.677571 0.000000 1.000000
1.677571 0.000000 1.000000
1.677571 0.000000 1.000000
1.677571 0.000000 1.000000
1.677571 0.000000 1.000000
1.677571 0.000000 1.000000
1.677571 0.000000 1.000000
1.677571 0.000000 1.000000
1.677571 0.000000 1.000000
1.677571 0.000000 1.000000
1.600403 0.000000 0.954000
1.544204 0.000000 0.920500
1.568697 0.000000 0.935100
1.613488 0.000000 0.961800
1.607448 0.000000 0.958200
1.575239 0.000000 0.939000
1.621037 0.000000 0.966300
1.618856 0.000000 0.965000
1.631773 0.000000 0.972700
1.585304 0.000000 0.945000
1.581782 0.000000 0.942900
1.571213 0.000000 0.936600
1.571213 0.000000 0.936600
1.614662 0.000000 0.962500
1.634122 0.000000 0.974100
1.568864 0.000000 0.935200
1.599564 0.000000 0.953500
1.584130 0.000000 0.944300
1.624392 0.000000 0.968300
1.582620 0.000000 0.943400
1.578594 0.000000 0.941000
1.549572 0.000000 0.923700
1.628921 0.000000 0.971000
1.574065 0.000000 0.938300
1.587485 0.000000 0.946300
1.569200 0.000000 0.935400
1.557121 0.000000 0.928200
1.563496 0.000000 0.932000
1.615836 0.000000 0.963200
1.625734 0.000000 0.969100
1.576749 0.000000 0.939900
1.584466 0.000000 0.944500
1.606945 0.000000 0.957900
1.636470 0.000000 0.975500
1.595202 0.000000 0.950900
1.619359 0.000000 0.965300
1.574904 0.000000 0.938800
1.584466 0.000000 0.944500
1.551418 0.000000 0.924800
1.588156 0.000000 0.946700
1.587485 0.000000 0.946300
1.610468 0.000000 0.960000
1.590337 0.000000 0.948000
1.550411 0.000000 0.924200
1.579097 0.000000 0.941300
1.616507 0.000000 0.963600
1.647710 0.000000 0.982200
1.581614 0.000000 0.942800
1.599899 0.000000 0.953700
1.640161 0.000000 0.977700
1.586982 0.000000 0.946000
1.554773 0.000000 0.926800
1.593860 0.000000 0.950100
1.620869 0.000000 0.966200
1.545882 0.000000 0.921500
1.565677 0.000000 0.933300
1.624224 0.000000 0.968200
1.625231 0.000000 0.968800
1.563328 0.000000 0.931900
1.582285 0.000000 0.943200
1.619862 0.000000 0.965600
1.621037 0.000000 0.966300
1.616340 0.000000 0.963500
1.562490 0.000000 0.931400
1.612984 0.000000 0.961500
1.567354 0.000000 0.934300
1.592854 0.000000 0.949500
1.560309 0.000000 0.930100
1.583795 0.000000 0.944100
1.582453 0.000000 0.943300
1.583124 0.000000 0.943700
1.632444 0.000000 0.973100
1.637309 0.000000 0.976000
1.625398 0.000000 0.968900
1.608119 0.000000 0.958600
1.629592 0.000000 0.971400
1.576749 0.000000 0.939900
1.598054 0.000000 0.952600
1.591344 0.000000 0.948600
1.570039 0.000000 0.935900
1.604764 0.000000 0.956600
1.613152 0.000000 0.961600
1.631102 0.000000 0.972300
1.618520 0.000000 0.964800
1.597886 0.000000 0.952500
1.546888 0.000000 0.922100
1.552424 0.000000 0.925400
1.584466 0.000000 0.944500
1.610468 0.000000 0.960000
1.625231 0.000000 0.968800
1.601745 0.000000 0.954800
1.606442 0.000000 0.957600
1.608958 0.000000 0.959100
1.607952 0.000000 0.958500
1.575071 0.000000 0.938900
1.612313 0.000000 0.961100
1.617011 0.000000 0.963900
1.595034 0.000000 0.950800
1.593692 0.000000 0.950000
1.609629 0.000000 0.959500
1.583627 0.000000 0.944000
1.553598 0.000000 0.926100
1.572219 0.000000 0.937200
1.618856 0.000000 0.965000
1.595034 0.000000 0.950800
1.459319 0.000000 0.869900
1.488341 0.000000 0.887200
1.504110 0.000000 0.896600
1.497400 0.000000 0.892600
1.525751 0.000000 0.909500
1.531454 0.000000 0.912900
1.489347 0.000000 0.887800
1.531119 0.000000 0.912700
1.489683 0.000000 0.888000
1.568025 0.000000 0.934700
1.453447 0.000000 0.866400
1.503271 0.000000 0.896100
1.535648 0.000000 0.915400
1.524241 0.000000 0.908600
1.534306 0.000000 0.914600
1.463513 0.000000 0.872400
1.488173 0.000000 0.887100
1.538332 0.000000 0.917000
1.522396 0.000000 0.907500
1.492870 0.000000 0.889900
1.520047 0.000000 0.906100
1.429794 0.000000 0.852300
1.433652 0.000000 0.854600
1.464519 0.000000 0.873000
1.438182 0.000000 0.857300
1.503439 0.000000 0.896200
1.438182 0.000000 0.857300
1.447576 0.000000 0.862900
1.572219 0.000000 0.937200
1.471397 0.000000 0.877100
1.466029 0.000000 0.873900
1.497232 0.000000 0.892500
1.508136 0.000000 0.899000
1.520215 0.000000 0.906200
1.574065 0.000000 0.938300
1.553095 0.000000 0.925800
1.520718 0.000000 0.906500
1.472572 0.000000 0.877800
1.499581 0.000000 0.893900
1.455628 0.000000 0.867700
1.510653 0.000000 0.900500
1.516189 0.000000 0.903800
1.410334 0.000000 0.840700
1.470223 0.000000 0.876400
1.475256 0.000000 0.879400
1.470223 0.000000 0.876400
1.617514 0.000000 0.964200
1.533971 0.000000 0.914400
1.628586 0.000000 0.970800
1.406140 0.000000 0.838200
1.486160 0.000000 0.885900
1.490354 0.000000 0.888400
1.504278 0.000000 0.896700
1.453615 0.000000 0.866500
1.528603 0.000000 0.911200
1.610300 0.000000 0.959900
1.491193 0.000000 0.888900
1.459319 0.000000 0.869900
1.538668 0.000000 0.917200
1.482805 0.000000 0.883900
1.478275 0.000000 0.881200
1.510485 0.000000 0.900400
1.559973 0.000000 0.929900
1.493374 0.000000 0.890200
1.444724 0.000000 0.861200
1.446234 0.000000 0.862100
1.521725 0.000000 0.907100
1.538668 0.000000 0.917200
1.454622 0.000000 0.867100
1.550747 0.000000 0.924400
1.520382 0.000000 0.906300
1.457977 0.000000 0.869100
1.426271 0.000000 0.850200
1.562825 0.000000 0.931600
1.460996 0.000000 0.870900
1.518705 0.000000 0.905300
1.481295 0.000000 0.883000
1.431807 0.000000 0.853500
1.480960 0.000000 0.882800
1.513001 0.000000 0.901900
1.543197 0.000000 0.919900
1.515685 0.000000 0.903500
1.542694 0.000000 0.919600
1.538332 0.000000 0.917000
1.376950 0.000000 0.820800
1.493541 0.000000 0.890300
1.469720 0.000000 0.876100
1.476262 0.000000 0.880000
1.456467 0.000000 0.868200
1.461835 0.000000 0.871400
1.465023 0.000000 0.873300
1.531454 0.000000 0.912900
1.451602 0.000000 0.865300
1.449589 0.000000 0.864100
1.493038 0.000000 0.890000
1.480792 0.000000 0.882700
1.492870 0.000000 0.889900
1.399933 0.000000 0.834500
1.422412 0.000000 0.847900
1.453951 0.000000 0.866700
1.546217 0.000000 0.921700
1.528435 0.000000 0.911100
1.381983 0.000000 0.823800
1.454957 0.000000 0.867300
1.420064 0.000000 0.846500
1.478443 0.000000 0.881300
1.514343 0.000000 0.902700
1.478275 0.000000 0.881200
1.383996 0.000000 0.825000
1.549572 0.000000 0.923700
1.459654 0.000000 0.870100
1.421238 0.000000 0.847200
1.513672 0.000000 0.902300
1.432478 0.000000 0.853900
1.535313 0.000000 0.915200
1.488005 0.000000 0.887000
1.465694 0.000000 0.873700
1.474753 0.000000 0.879100
1.511491 0.000000 0.901000
1.470223 0.000000 0.876400
1.473578 0.000000 0.878400
1.465023 0.000000 0.873300
1.458145 0.000000 0.869200
1.527428 0.000000 0.910500
1.502600 0.000000 0.895700
1.406308 0.000000 0.838300
1.481463 0.000000 0.883100
1.544707 0.000000 0.920800
1.529945 0.000000 0.912000
1.375944 0.000000 0.820200
1.546888 0.000000 0.922100
1.360510 0.000000 0.811000
1.453447 0.000000 0.866400
1.465190 0.000000 0.873400
1.497232 0.000000 0.892500
1.430129 0.000000 0.852500
1.422748 0.000000 0.848100
1.546385 0.000000 0.921800
1.526757 0.000000 0.910100
1.492535 0.000000 0.889700
1.499916 0.000000 0.894100
1.480792 0.000000 0.882700
1.462506 0.000000 0.871800
1.470391 0.000000 0.876500
1.454622 0.000000 0.867100
1.424761 0.000000 0.849300
1.466532 0.000000 0.874200
1.502600 0.000000 0.895700
1.629425 0.000000 0.971300
1.512162 0.000000 0.901400
1.497400 0.000000 0.892600
1.441369 0.000000 0.859200
1.528938 0.000000 0.911400
1.483979 0.000000 0.884600
1.487502 0.000000 0.886700
1.485489 0.000000 0.885500
1.421574 0.000000 0.847400
1.437175 0.000000 0.856700
1.522396 0.000000 0.907500
1.496729 0.000000 0.892200
1.473411 0.000000 0.878300
1.500755 0.000000 0.894600
1.452105 0.000000 0.865600
1.485153 0.000000 0.885300
1.385338 0.000000 0.825800
1.480121 0.000000 0.882300
1.383493 0.000000 0.824700
1.481127 0.000000 0.882900
1.511156 0.000000 0.900800
1.469384 0.000000 0.875900
1.512162 0.000000 0.901400
1.506291 0.000000 0.897900
1.549908 0.000000 0.923900
1.407314 0.000000 0.838900
1.453280 0.000000 0.866300
1.544036 0.000000 0.920400
1.454454 0.000000 0.867000
1.495890 0.000000 0.891700
1.463345 0.000000 0.872300
1.543197 0.000000 0.919900
1.454286 0.000000 0.866900
1.507633 0.000000 0.898700
1.521725 0.000000 0.907100
1.485992 0.000000 0.885800
1.518034 0.000000 0.904900
1.471901 0.000000 0.877400
1.408824 0.000000 0.839800
1.513001 0.000000 0.901900
1.435497 0.000000 0.855700
1.452273 0.000000 0.865700
1.439859 0.000000 0.858300
1.446737 0.000000 0.862400
1.558296 0.000000 0.928900
1.455628 0.000000 0.867700
1.578594 0.000000 0.941000
1.575071 0.000000 0.938900
1.496058 0.000000 0.891800
1.477101 0.000000 0.880500
1.480624 0.000000 0.882600
1.470223 0.000000 0.876400
1.573058 0.000000 0.937700
1.583124 0.000000 0.943700
1.504949 0.000000 0.897100
1.528603 0.000000 0.911200
1.412682 0.000000 0.842100
1.494716 0.000000 0.891000
1.458983 0.000000 0.869700
1.439691 0.000000 0.858200
1.539171 0.000000 0.917500
1.499581 0.000000 0.893900
1.474249 0.000000 0.878800
1.524409 0.000000 0.908700
1.425432 0.000000 0.849700
1.401946 0.000000 0.835700
1.462003 0.000000 0.871500
1.495554 0.000000 0.891500
1.500755 0.000000 0.894600
1.545546 0.000000 0.921300
1.575575 0.000000 0.939200
1.525415 0.000000 0.909300
1.434826 0.000000 0.855300
1.422916 0.000000 0.848200
1.535984 0.000000 0.915600
1.541688 0.000000 0.919000
1.469217 0.000000 0.875800
1.453615 0.000000 0.866500
1.449086 0.000000 0.863800
1.532964 0.000000 0.913800
1.427445 0.000000 0.850900
1.499077 0.000000 0.893600
1.538836 0.000000 0.917300
1.578594 0.000000 0.941000
1.513672 0.000000 0.902300
1.453615 0.000000 0.866500
1.560309 0.000000 0.930100
1.525751 0.000000 0.909500
1.450092 0.000000 0.864400
1.501258 0.000000 0.894900
1.415870 0.000000 0.844000
1.568361 0.000000 0.934900
1.460493 0.000000 0.870600
1.476598 0.000000 0.880200
1.479114 0.000000 0.881700
1.506962 0.000000 0.898300
1.446234 0.000000 0.862100
1.529945 0.000000 0.912000
1.425264 0.000000 0.849600
1.497064 0.000000 0.892400
1.504278 0.000000 0.896700
1.420064 0.000000 0.846500
1.547895 0.000000 0.922700
1.580607 0.000000 0.942200
1.500419 0.000000 0.894400
1.459654 0.000000 0.870100
1.460829 0.000000 0.870800
1.433820 0.000000 0.854700
1.495890 0.000000 0.891700
1.527932 0.000000 0.910800
1.448582 0.000000 0.863500
1.578259 0.000000 0.940800
1.397584 0.000000 0.833100
1.474249 0.000000 0.878800
1.557457 0.000000 0.928400
1.488844 0.000000 0.887500
1.442711 0.000000 0.860000
1.539842 0.000000 0.917900
1.546553 0.000000 0.921900
1.565677 0.000000 0.933300
1.434323 0.000000 0.855000
1.530616 0.000000 0.912400
1.540010 0.000000 0.918000
1.516356 0.000000 0.903900
1.541017 0.000000 0.918600
1.513337 0.000000 0.902100
1.479450 0.000000 0.881900
1.518034 0.000000 0.904900
1.452609 0.000000 0.865900
1.437007 0.000000 0.856600
1.434491 0.000000 0.855100
1.404462 0.000000 0.837200
1.472404 0.000000 0.877700
1.445395 0.000000 0.861600
1.534810 0.000000 0.914900
1.498406 0.000000 0.893200
1.490186 0.000000 0.888300
1.524576 0.000000 0.908800
1.432142 0.000000 0.853700
1.493038 0.000000 0.890000
1.545882 0.000000 0.921500
1.494380 0.000000 0.890800
1.462339 0.000000 0.871700
1.481463 0.000000 0.883100
1.454957 0.000000 0.867300
1.508136 0.000000 0.899000
1.485825 0.000000 0.885700
1.452273 0.000000 0.865700
1.493877 0.000000 0.890500
1.511491 0.000000 0.901000
1.566683 0.000000 0.933900
1.498742 0.000000 0.893400
1.522228 0.000000 0.907400
1.567019 0.000000 0.934100
1.468378 0.000000 0.875300
1.480960 0.000000 0.882800
1.477772 0.000000 0.880900
1.391713 0.000000 0.829600
1.510820 0.000000 0.900600
1.426439 0.000000 0.850300
1.412179 0.000000 0.841800
1.429458 0.000000 0.852100
1.502432 0.000000 0.895600
1.491025 0.000000 0.888800
1.557960 0.000000 0.928700
1.513001 0.000000 0.901900
1.483308 0.000000 0.884200
1.409831 0.000000 0.840400
1.502936 0.000000 0.895900
1.487167 0.000000 0.886500
1.537326 0.000000 0.916400
1.578930 0.000000 0.941200
1.441033 0.000000 0.859000
1.479114 0.000000 0.881700
1.604764 0.000000 0.956600
1.439020 0.000000 0.857800
1.549404 0.000000 0.923600
1.484315 0.000000 0.884800
1.440362 0.000000 0.858600
1.534139 0.000000 0.914500
1.460661 0.000000 0.870700
1.498742 0.000000 0.893400
1.483140 0.000000 0.884100
1.483811 0.000000 0.884500
1.497903 0.000000 0.892900
1.465694 0.000000 0.873700
1.502097 0.000000 0.895400
1.493541 0.000000 0.890300
1.463010 0.000000 0.872100
1.515014 0.000000 0.903100
1.509646 0.000000 0.899900
1.452944 0.000000 0.866100
1.484315 0.000000 0.884800
1.531958 0.000000 0.913200
1.444556 0.000000 0.861100
1.410334 0.000000 0.840700
1.428452 0.000000 0.851500
1.429123 0.000000 0.851900
1.497903 0.000000 0.892900
1.439691 0.000000 0.858200
1.557625 0.000000 0.928500
1.551585 0.000000 0.924900
1.394900 0.000000 0.831500
1.476430 0.000000 0.880100
1.508472 0.000000 0.899200
1.510317 0.000000 0.900300
1.476933 0.000000 0.880400
1.514679 0.000000 0.902900
1.455964 0.000000 0.867900
1.434491 0.000000 0.855100
1.479953 0.000000 0.882200
1.560141 0.000000 0.930000
1.513001 0.000000 0.901900
1.485153 0.000000 0.885300
1.489347 0.000000 0.887800
1.550243 0.000000 0.924100
1.444556 0.000000 0.861100
1.573729 0.000000 0.938100
1.545714 0.000000 0.921400
1.484315 0.000000 0.884800
1.548398 0.000000 0.923000
1.552424 0.000000 0.925400
1.519208 0.000000 0.905600
1.517363 0.000000 0.904500
1.515014 0.000000 0.903100
1.448415 0.000000 0.863400
1.540178 0.000000 0.918100
1.504278 0.000000 0.896700
1.548901 0.000000 0.923300
1.446905 0.000000 0.862500
1.467371 0.000000 0.874700
1.534810 0.000000 0.914900
1.509143 0.000000 0.899600
1.550579 0.000000 0.924300
1.495554 0.000000 0.891500
1.569200 0.000000 0.935400
1.472236 0.000000 0.877600
1.562322 0.000000 0.931300
1.560644 0.000000 0.930300
1.515518 0.000000 0.903400
1.524744 0.000000 0.908900
1.485657 0.000000 0.885600
1.494045 0.000000 0.890600
1.532293 0.000000 0.913400
1.439356 0.000000 0.858000
1.575910 0.000000 0.939400
1.564335 0.000000 0.932500
1.533971 0.000000 0.914400
1.498406 0.000000 0.893200
1.499581 0.000000 0.893900
1.528603 0.000000 0.911200
1.417715 0.000000 0.845100
1.510485 0.000000 0.900400
1.542862 0.000000 0.919700
1.509143 0.000000 0.899600
1.578594 0.000000 0.941000
1.533468 0.000000 0.914100
1.494380 0.000000 0.890800
1.451267 0.000000 0.865100
1.388358 0.000000 0.827600
1.520718 0.000000 0.906500
1.519208 0.000000 0.905600
1.463513 0.000000 0.872400
1.488676 0.000000 0.887400
1.508807 0.000000 0.899400
1.488676 0.000000 0.887400
1.506626 0.000000 0.898100
1.524744 0.000000 0.908900
1.543365 0.000000 0.920000
1.434659 0.000000 0.855200
1.551082 0.000000 0.924600
1.537494 0.000000 0.916500
1.502265 0.000000 0.895500
1.442879 0.000000 0.860100
1.486831 0.000000 0.886300
1.482805 0.000000 0.883900
1.488676 0.000000 0.887400
1.461164 0.000000 0.871000
1.558799 0.000000 0.929200
1.549572 0.000000 0.923700
1.478779 0.000000 0.881500
1.472236 0.000000 0.877600
1.467036 0.000000 0.874500
1.530783 0.000000 0.912500
1.497568 0.000000 0.892700
1.504949 0.000000 0.897100
1.455796 0.000000 0.867800
1.447408 0.000000 0.862800
1.487670 0.000000 0.886800
1.424090 0.000000 0.848900
1.546385 0.000000 0.921800
1.445395 0.000000 0.861600
1.498239 0.000000 0.893100
1.513840 0.000000 0.902400
1.537829 0.000000 0.916700
1.534139 0.000000 0.914500
1.567019 0.000000 0.934100
1.563161 0.000000 0.931800
1.466532 0.000000 0.874200
1.504446 0.000000 0.896800
1.516524 0.000000 0.904000
1.526254 0.000000 0.909800
1.430800 0.000000 0.852900
1.564503 0.000000 0.932600
1.489515 0.000000 0.887900
1.602416 0.000000 0.955200
1.536655 0.000000 0.916000
1.436168 0.000000 0.856100
1.374937 0.000000 0.819600
1.477940 0.000000 0.881000
1.552424 0.000000 0.925400
1.473746 0.000000 0.878500
1.515350 0.000000 0.903300
1.416373 0.000000 0.844300
1.552089 0.000000 0.925200
1.580104 0.000000 0.941900
1.574904 0.000000 0.938800
1.482302 0.000000 0.883600
1.508136 0.000000 0.899000
1.475088 0.000000 0.879300
1.460158 0.000000 0.870400
1.449589 0.000000 0.864100
1.496225 0.000000 0.891900
1.500755 0.000000 0.894600
1.498071 0.000000 0.893000
1.589498 0.000000 0.947500
1.442040 0.000000 0.859600
1.505284 0.000000 0.897300
1.524576 0.000000 0.908800
1.489851 0.000000 0.888100
1.419057 0.000000 0.845900
1.579265 0.000000 0.941400
1.485153 0.000000 0.885300
1.466868 0.000000 0.874400
1.425600 0.000000 0.849800
1.448750 0.000000 0.863600
1.507130 0.000000 0.898400
1.471062 0.000000 0.876900
1.585472 0.000000 0.945100
1.451938 0.000000 0.865500
1.465694 0.000000 0.873700
1.509646 0.000000 0.899900
1.502097 0.000000 0.895400
1.516692 0.000000 0.904100
1.507633 0.000000 0.898700
1.557121 0.000000 0.928200
1.443214 0.000000 0.860300
1.459151 0.000000 0.869800
1.439020 0.000000 0.857800
1.561651 0.000000 0.930900
1.483979 0.000000 0.884600
1.447408 0.000000 0.862800
1.515518 0.000000 0.903400
1.573561 0.000000 0.938000
1.486496 0.000000 0.886100
1.473075 0.000000 0.878100
1.516524 0.000000 0.904000
1.579433 0.000000 0.941500
1.414360 0.000000 0.843100
1.506459 0.000000 0.898000
1.558631 0.000000 0.929100
1.432646 0.000000 0.854000
1.487838 0.000000 0.886900
1.460325 0.000000 0.870500
1.477940 0.000000 0.881000
1.347928 0.000000 0.803500
1.503104 0.000000 0.896000
1.471397 0.000000 0.877100
1.518705 0.000000 0.905300
1.486831 0.000000 0.886300
1.518369 0.000000 0.905100
1.450260 0.000000 0.864500
1.460158 0.000000 0.870400
1.445731 0.000000 0.861800
1.533300 0.000000 0.914000
1.465358 0.000000 0.873500
1.419393 0.000000 0.846100
1.518873 0.000000 0.905400
1.623889 0.000000 0.968000
1.386009 0.000000 0.826200
1.513001 0.000000 0.901900
1.489851 0.000000 0.888100
1.489515 0.000000 0.887900
1.530448 0.000000 0.912300
1.503775 0.000000 0.896400
1.545043 0.000000 0.921000
1.462339 0.000000 0.871700
1.610636 0.000000 0.960100
1.448582 0.000000 0.863500
1.488173 0.000000 0.887100
1.414192 0.000000 0.843000
1.561986 0.000000 0.931100
1.391881 0.000000 0.829700
1.588660 0.000000 0.947000
1.536152 0.000000 0.915700
1.428284 0.000000 0.851400
1.546217 0.000000 0.921700
1.427948 0.000000 0.851200
1.447240 0.000000 0.862700
1.499916 0.000000 0.894100
1.455293 0.000000 0.867500
1.455293 0.000000 0.867500
1.377118 0.000000 0.820900
1.604764 0.000000 0.956600
1.458983 0.000000 0.869700
1.495722 0.000000 0.891600
1.443214 0.000000 0.860300
1.463010 0.000000 0.872100
1.476766 0.000000 0.880300
1.485489 0.000000 0.885500
1.428787 0.000000 0.851700
1.448079 0.000000 0.863200
1.506123 0.000000 0.897800
1.506459 0.000000 0.898000
1.492032 0.000000 0.889400
1.457809 0.000000 0.869000
1.447744 0.000000 0.863000
1.491696 0.000000 0.889200
1.436839 0.000000 0.856500
1.527932 0.000000 0.910800
1.509814 0.000000 0.900000
1.441537 0.000000 0.859300
1.422412 0.000000 0.847900
1.463681 0.000000 0.872500
1.551753 0.000000 0.925000
1.479450 0.000000 0.881900
1.424090 0.000000 0.848900
1.496393 0.000000 0.892000
1.472068 0.000000 0.877500
1.450092 0.000000 0.864400
1.438517 0.000000 0.857500
1.483811 0.000000 0.884500
1.617514 0.000000 0.964200
1.491864 0.000000 0.889300
1.457138 0.000000 0.868600
1.524912 0.000000 0.909000
1.606610 0.000000 0.957700
1.457977 0.000000 0.869100
1.499916 0.000000 0.894100
1.525415 0.000000 0.909300
1.454789 0.000000 0.867200
1.569871 0.000000 0.935800
1.489515 0.000000 0.887900
1.488341 0.000000 0.887200
1.460158 0.000000 0.870400
1.416541 0.000000 0.844400
1.469049 0.000000 0.875700
1.397249 0.000000 0.832900
1.509311 0.000000 0.899700
1.488844 0.000000 0.887500
1.553766 0.000000 0.926200
1.466029 0.000000 0.873900
1.498742 0.000000 0.893400
1.597886 0.000000 0.952500
1.473578 0.000000 0.878400
1.510653 0.000000 0.900500
1.508639 0.000000 0.899300
1.465023 0.000000 0.873300
1.553095 0.000000 0.925800
1.483140 0.000000 0.884100
1.411173 0.000000 0.841200
1.417547 0.000000 0.845000
1.428284 0.000000 0.851400
1.413353 0.000000 0.842500
1.567690 0.000000 0.934500
1.426774 0.000000 0.850500
1.480456 0.000000 0.882500
1.543868 0.000000 0.920300
1.495890 0.000000 0.891700
1.529106 0.000000 0.911500
1.574400 0.000000 0.938500
1.475088 0.000000 0.879300
1.518034 0.000000 0.904900
1.490522 0.000000 0.888500
1.473914 0.000000 0.878600
1.463010 0.000000 0.872100
1.504613 0.000000 0.896900
1.544540 0.000000 0.920700
1.453447 0.000000 0.866400
1.487838 0.000000 0.886900
1.523234 0.000000 0.908000
1.583795 0.000000 0.944100
1.520215 0.000000 0.906200
1.483308 0.000000 0.884200
1.462842 0.000000 0.872000
1.516356 0.000000 0.903900
1.437678 0.000000 0.857000
1.532461 0.000000 0.913500
1.500587 0.000000 0.894500
1.462506 0.000000 0.871800
1.529777 0.000000 0.911900
1.475088 0.000000 0.879300
1.465526 0.000000 0.873600
1.520550 0.000000 0.906400
1.572723 0.000000 0.937500
1.516189 0.000000 0.903800
1.496729 0.000000 0.892200
1.508304 0.000000 0.899100
1.387687 0.000000 0.827200
1.484986 0.000000 0.885200
1.507465 0.000000 0.898600
1.496896 0.000000 0.892300
1.519711 0.000000 0.905900
1.465861 0.000000 0.873800
1.442040 0.000000 0.859600
1.534139 0.000000 0.914500
1.506962 0.000000 0.898300
1.505117 0.000000 0.897200
1.463513 0.000000 0.872400
1.441369 0.000000 0.859200
1.525415 0.000000 0.909300
1.516692 0.000000 0.904100
1.464184 0.000000 0.872800
1.537661 0.000000 0.916600
1.457138 0.000000 0.868600
1.568361 0.000000 0.934900
1.513504 0.000000 0.902200
1.435833 0.000000 0.855900
1.530783 0.000000 0.912500
1.509982 0.000000 0.900100
1.526925 0.000000 0.910200
1.464352 0.000000 0.872900
1.520718 0.000000 0.906500
1.579097 0.000000 0.941300
1.465023 0.000000 0.873300
1.440530 0.000000 0.858700
1.471062 0.000000 0.876900
1.497232 0.000000 0.892500
1.451602 0.000000 0.865300
1.479618 0.000000 0.882000
1.450931 0.000000 0.864900
1.563496 0.000000 0.932000
1.511659 0.000000 0.901100
1.509814 0.000000 0.900000
1.506962 0.000000 0.898300
1.491864 0.000000 0.889300
1.541855 0.000000 0.919100
1.456635 0.000000 0.868300
1.461835 0.000000 0.871400
1.540681 0.000000 0.918400
1.534810 0.000000 0.914900
1.533132 0.000000 0.913900
1.454118 0.000000 0.866800
1.427445 0.000000 0.850900
1.513504 0.000000 0.902200
1.459487 0.000000 0.870000
1.450596 0.000000 0.864700
1.524073 0.000000 0.908500
1.531454 0.000000 0.912900
1.456970 0.000000 0.868500
1.439188 0.000000 0.857900
1.479953 0.000000 0.882200
1.524912 0.000000 0.909000
1.451434 0.000000 0.865200
1.515685 0.000000 0.903500
1.579768 0.000000 0.941700
1.574736 0.000000 0.938700
1.465190 0.000000 0.873400
1.490689 0.000000 0.888600
1.446234 0.000000 0.862100
1.496058 0.000000 0.891800
1.407650 0.000000 0.839100
1.584969 0.000000 0.944800
1.431975 0.000000 0.853600
1.535648 0.000000 0.915400
1.567522 0.000000 0.934400
1.492199 0.000000 0.889500
1.396410 0.000000 0.832400
1.493206 0.000000 0.890100
1.497400 0.000000 0.892600
1.489683 0.000000 0.888000
1.404966 0.000000 0.837500
1.474753 0.000000 0.879100
1.512330 0.000000 0.901500
1.485657 0.000000 0.885600
1.460661 0.000000 0.870700
1.538332 0.000000 0.917000
1.459990 0.000000 0.870300
1.505955 0.000000 0.897700
1.426271 0.000000 0.850200
1.430465 0.000000 0.852700
1.462339 0.000000 0.871700
1.450931 0.000000 0.864900
1.578594 0.000000 0.941000
1.443550 0.000000 0.860500
1.394061 0.000000 0.831000
1.434491 0.000000 0.855100
1.521892 0.000000 0.907200
1.464687 0.000000 0.873100
1.477940 0.000000 0.881000
1.529274 0.000000 0.911600
1.628586 0.000000 0.970800
1.476933 0.000000 0.880400
1.501761 0.000000 0.895200
1.429290 0.000000 0.852000
1.468881 0.000000 0.875600
1.411173 0.000000 0.841200
1.473746 0.000000 0.878500
1.425096 0.000000 0.849500
1.543030 0.000000 0.919800
1.503775 0.000000 0.896400
1.526254 0.000000 0.909800
1.500923 0.000000 0.894700
1.454957 0.000000 0.867300
1.532461 0.000000 0.913500
1.521389 0.000000 0.906900
1.489683 0.000000 0.888000
1.488005 0.000000 0.887000
1.466365 0.000000 0.874100
1.542694 0.000000 0.919600
1.536655 0.000000 0.916000
1.465023 0.000000 0.873300
1.510317 0.000000 0.900300
1.454957 0.000000 0.867300
1.440530 0.000000 0.858700
1.513001 0.000000 0.901900
1.526589 0.000000 0.910000
1.508975 0.000000 0.899500
1.520382 0.000000 0.906300
1.439020 0.000000 0.857800
1.430297 0.000000 0.852600
1.485657 0.000000 0.885600
1.558799 0.000000 0.929200
1.494883 0.000000 0.891100
1.486999 0.000000 0.886400
1.529945 0.000000 0.912000
1.467036 0.000000 0.874500
1.519544 0.000000 0.905800
1.453615 0.000000 0.866500
1.496561 0.000000 0.892100
1.562154 0.000000 0.931200
1.538332 0.000000 0.917000
1.501258 0.000000 0.894900
1.490018 0.000000 0.888200
1.494548 0.000000 0.890900
1.470055 0.000000 0.876300
1.498910 0.000000 0.893500
1.449589 0.000000 0.864100
1.521557 0.000000 0.907000
1.524409 0.000000 0.908700
1.496729 0.000000 0.892200
1.464016 0.000000 0.872700
1.447744 0.000000 0.863000
1.498574 0.000000 0.893300
1.522396 0.000000 0.907500
1.549069 0.000000 0.923400
1.494548 0.000000 0.890900
1.524241 0.000000 0.908600
1.471733 0.000000 0.877300
1.482805 0.000000 0.883900
1.505955 0.000000 0.897700
1.506794 0.000000 0.898200
1.469384 0.000000 0.875900
1.571213 0.000000 0.936600
1.471565 0.000000 0.877200
1.487502 0.000000 0.886700
1.553431 0.000000 0.926000
1.427781 0.000000 0.851100
1.498742 0.000000 0.893400
1.531454 0.000000 0.912900
1.498742 0.000000 0.893400
1.578930 0.000000 0.941200
1.459822 0.000000 0.870200
1.464519 0.000000 0.873000
1.473411 0.000000 0.878300
1.401778 0.000000 0.835600
1.540513 0.000000 0.918300
1.532125 0.000000 0.913300
1.400436 0.000000 0.834800
1.479785 0.000000 0.882100
1.455293 0.000000 0.867500
1.516524 0.000000 0.904000
1.519376 0.000000 0.905700
1.626908 0.000000 0.969800
1.411844 0.000000 0.841600
1.469720 0.000000 0.876100
1.542023 0.000000 0.919200
1.458648 0.000000 0.869500
1.440195 0.000000 0.858500
1.531454 0.000000 0.912900
1.539171 0.000000 0.917500
1.604764 0.000000 0.956600
1.533468 0.000000 0.914100
1.489347 0.000000 0.887800
1.483476 0.000000 0.884300
1.488676 0.000000 0.887400
1.501594 0.000000 0.895100
1.509478 0.000000 0.899800
1.523402 0.000000 0.908100
1.492199 0.000000 0.889500
1.465694 0.000000 0.873700
1.489683 0.000000 0.888000
1.525080 0.000000 0.909100
1.571884 0.000000 0.937000
1.540849 0.000000 0.918500
1.451602 0.000000 0.865300
1.491864 0.000000 0.889300
1.470223 0.000000 0.876400
1.442375 0.000000 0.859800
1.558631 0.000000 0.929100
1.532293 0.000000 0.913400
1.487670 0.000000 0.886800
1.529106 0.000000 0.911500
1.562993 0.000000 0.931700
1.540346 0.000000 0.918200
1.536823 0.000000 0.916100
1.508136 0.000000 0.899000
1.481127 0.000000 0.882900
1.507968 0.000000 0.898900
1.517027 0.000000 0.904300
1.466029 0.000000 0.873900
1.524912 0.000000 0.909000
1.575910 0.000000 0.939400
1.488005 0.000000 0.887000
1.463681 0.000000 0.872500
1.531622 0.000000 0.913000
1.543868 0.000000 0.920300
1.558296 0.000000 0.928900
1.551418 0.000000 0.924800
1.505452 0.000000 0.897400
1.411676 0.000000 0.841500
1.492535 0.000000 0.889700
1.571716 0.000000 0.936900
1.523738 0.000000 0.908300
1.461668 0.000000 0.871300
1.453280 0.000000 0.866300
1.527764 0.000000 0.910700
1.520047 0.000000 0.906100
1.539507 0.000000 0.917700
1.419560 0.000000 0.846200
1.536823 0.000000 0.916100
1.571213 0.000000 0.936600
1.507633 0.000000 0.898700
1.448079 0.000000 0.863200
1.504613 0.000000 0.896900
1.487838 0.000000 0.886900
1.567019 0.000000 0.934100
1.512162 0.000000 0.901400
1.562825 0.000000 0.931600
1.522228 0.000000 0.907400
1.521054 0.000000 0.906700
1.512330 0.000000 0.901500
1.517195 0.000000 0.904400
1.411173 0.000000 0.841200
1.471565 0.000000 0.877200
1.499581 0.000000 0.893900
1.530280 0.000000 0.912200
1.455796 0.000000 0.867800
1.522060 0.000000 0.907300
1.510485 0.000000 0.900400
1.461332 0.000000 0.871100
1.506291 0.000000 0.897900
1.509814 0.000000 0.900000
1.525415 0.000000 0.909300
1.472739 0.000000 0.877900
1.534642 0.000000 0.914800
1.531790 0.000000 0.913100
1.466868 0.000000 0.874400
1.484315 0.000000 0.884800
1.519208 0.000000 0.905600
1.433988 0.000000 0.854800
1.561651 0.000000 0.930900
1.485321 0.000000 0.885400
1.397417 0.000000 0.833000
1.476430 0.000000 0.880100
1.558799 0.000000 0.929200
1.484818 0.000000 0.885100
1.450763 0.000000 0.864800
1.497735 0.000000 0.892800
1.431136 0.000000 0.853100
1.481463 0.000000 0.883100
1.464016 0.000000 0.872700
1.587150 0.000000 0.946100
1.550579 0.000000 0.924300
1.420232 0.000000 0.846600
1.452609 0.000000 0.865900
1.456132 0.000000 0.868000
1.616675 0.000000 0.963700
1.487334 0.000000 0.886600
1.613991 0.000000 0.962100
1.472739 0.000000 0.877900
1.505452 0.000000 0.897400
1.484650 0.000000 0.885000
1.537997 0.000000 0.916800
1.480456 0.000000 0.882500
1.515014 0.000000 0.903100
1.434155 0.000000 0.854900
1.461500 0.000000 0.871200
1.537829 0.000000 0.916700
1.502936 0.000000 0.895900
1.459654 0.000000 0.870100
1.439691 0.000000 0.858200
1.483140 0.000000 0.884100
1.491193 0.000000 0.888900
1.489347 0.000000 0.887800
1.500923 0.000000 0.894700
1.497400 0.000000 0.892600
1.632109 0.000000 0.972900
1.450092 0.000000 0.864400
1.458648 0.000000 0.869500
1.545882 0.000000 0.921500
1.377118 0.000000 0.820900
1.454789 0.000000 0.867200
1.396410 0.000000 0.832400
1.516524 0.000000 0.904000
1.547391 0.000000 0.922400
1.503607 0.000000 0.896300
1.539339 0.000000 0.917600
1.455125 0.000000 0.867400
1.477101 0.000000 0.880500
1.481463 0.000000 0.883100
1.435833 0.000000 0.855900
1.437678 0.000000 0.857000
1.412347 0.000000 0.841900
1.547895 0.000000 0.922700
1.492199 0.000000 0.889500
1.548230 0.000000 0.922900
1.390203 0.000000 0.828700
1.507801 0.000000 0.898800
1.460158 0.000000 0.870400
1.457474 0.000000 0.868800
1.445395 0.000000 0.861600
1.403791 0.000000 0.836800
1.430632 0.000000 0.852800
1.498574 0.000000 0.893300
1.475591 0.000000 0.879600
1.441033 0.000000 0.859000
1.436336 0.000000 0.856200
1.477772 0.000000 0.880900
1.476598 0.000000 0.880200
1.455628 0.000000 0.867700
1.470223 0.000000 0.876400
1.437007 0.000000 0.856600
1.488844 0.000000 0.887500
1.495219 0.000000 0.891300
1.496058 0.000000 0.891800
1.483476 0.000000 0.884300
1.485657 0.000000 0.885600
1.451770 0.000000 0.865400
1.467539 0.000000 0.874800
1.409663 0.000000 0.840300
1.440698 0.000000 0.858800
1.506626 0.000000 0.898100
1.423083 0.000000 0.848300
1.453112 0.000000 0.866200
1.517027 0.000000 0.904300
1.448415 0.000000 0.863400
1.513672 0.000000 0.902300
1.492032 0.000000 0.889400
1.454118 0.000000 0.866800
1.507968 0.000000 0.898900
1.442711 0.000000 0.860000
1.398591 0.000000 0.833700
1.422580 0.000000 0.848000
1.493374 0.000000 0.890200
1.480624 0.000000 0.882600
1.530112 0.000000 0.912100
1.529441 0.000000 0.911700
1.444892 0.000000 0.861300
1.467707 0.000000 0.874900
1.474082 0.000000 0.878700
1.507130 0.000000 0.898400
1.517195 0.000000 0.904400
1.447576 0.000000 0.862900
1.488173 0.000000 0.887100
1.473578 0.000000 0.878400
1.517698 0.000000 0.904700
1.476430 0.000000 0.880100
1.434491 0.000000 0.855100
1.465023 0.000000 0.873300
1.453112 0.000000 0.866200
1.541855 0.000000 0.919100
1.406475 0.000000 0.838400
1.547056 0.000000 0.922200
1.496058 0.000000 0.891800
1.584969 0.000000 0.944800
1.479618 0.000000 0.882000
1.472739 0.000000 0.877900
1.475927 0.000000 0.879800
1.530951 0.000000 0.912600
1.515014 0.000000 0.903100
1.444556 0.000000 0.861100
1.499245 0.000000 0.893700
1.483979 0.000000 0.884600
1.494548 0.000000 0.890900
1.522731 0.000000 0.907700
1.493038 0.000000 0.890000
1.509478 0.000000 0.899800
1.478443 0.000000 0.881300
1.571213 0.000000 0.936600
1.389867 0.000000 0.828500
1.503271 0.000000 0.896100
1.489851 0.000000 0.888100
1.451099 0.000000 0.865000
1.531622 0.000000 0.913000
1.465526 0.000000 0.873600
1.472739 0.000000 0.877900
1.535816 0.000000 0.915500
1.497568 0.000000 0.892700
1.383828 0.000000 0.824900
1.458312 0.000000 0.869300
1.523570 0.000000 0.908200
1.451267 0.000000 0.865100
1.520886 0.000000 0.906600
1.542359 0.000000 0.919400
1.437678 0.000000 0.857000
1.548230 0.000000 0.922900
1.503439 0.000000 0.896200
1.425600 0.000000 0.849800
1.510988 0.000000 0.900700
1.455125 0.000000 0.867400
1.499748 0.000000 0.894000
1.500587 0.000000 0.894500
1.547895 0.000000 0.922700
1.600570 0.000000 0.954100
1.465861 0.000000 0.873800
1.505452 0.000000 0.897400
1.440362 0.000000 0.858600
1.471565 0.000000 0.877200
1.551753 0.000000 0.925000
1.418889 0.000000 0.845800
1.465694 0.000000 0.873700
1.466868 0.000000 0.874400
1.502768 0.000000 0.895800
1.506123 0.000000 0.897800
1.437343 0.000000 0.856800
1.550747 0.000000 0.924400
1.496393 0.000000 0.892000
1.539507 0.000000 0.917700
1.506291 0.000000 0.897900
1.477269 0.000000 0.880600
1.488676 0.000000 0.887400
1.511324 0.000000 0.900900
1.557625 0.000000 0.928500
1.484147 0.000000 0.884700
1.594028 0.000000 0.950200
1.460661 0.000000 0.870700
1.435665 0.000000 0.855800
1.522899 0.000000 0.907800
1.381983 0.000000 0.823800
1.446234 0.000000 0.862100
1.377453 0.000000 0.821100
1.476598 0.000000 0.880200
1.433317 0.000000 0.854400
1.504278 0.000000 0.896700
1.462171 0.000000 0.871600
1.516524 0.000000 0.904000
1.389532 0.000000 0.828300
1.467203 0.000000 0.874600
1.531790 0.000000 0.913100
1.432310 0.000000 0.853800
1.455628 0.000000 0.867700
1.419560 0.000000 0.846200
1.500084 0.000000 0.894200
1.474082 0.000000 0.878700
1.535984 0.000000 0.915600
1.467875 0.000000 0.875000
1.544036 0.000000 0.920400
1.496393 0.000000 0.892000
1.500252 0.000000 0.894300
1.449421 0.000000 0.864000
1.454286 0.000000 0.866900
1.444556 0.000000 0.861100
1.428619 0.000000 0.851600
1.520047 0.000000 0.906100
1.401946 0.000000 0.835700
1.496058 0.000000 0.891800
1.451770 0.000000 0.865400
1.456635 0.000000 0.868300
1.467875 0.000000 0.875000
1.497232 0.000000 0.892500
1.489515 0.000000 0.887900
1.398759 0.000000 0.833800
1.423922 0.000000 0.848800
1.538165 0.000000 0.916900
1.508136 0.000000 0.899000
1.403120 0.000000 0.836400
1.393055 0.000000 0.830400
1.469888 0.000000 0.876200
1.496058 0.000000 0.891800
1.568864 0.000000 0.935200
1.436001 0.000000 0.856000
1.476598 0.000000 0.880200
1.497232 0.000000 0.892500
1.471397 0.000000 0.877100
1.407650 0.000000 0.839100
1.436504 0.000000 0.856300
1.501426 0.000000 0.895000
1.495219 0.000000 0.891300
1.453783 0.000000 0.866600
1.559134 0.000000 0.929400
1.495051 0.000000 0.891200
1.436336 0.000000 0.856200
1.449757 0.000000 0.864200
1.422748 0.000000 0.848100
1.488005 0.000000 0.887000
1.518369 0.000000 0.905100
1.497903 0.000000 0.892900
1.438517 0.000000 0.857500
1.410669 0.000000 0.840900
1.490354 0.000000 0.888400
1.443885 0.000000 0.860700
1.420064 0.000000 0.846500
1.447073 0.000000 0.862600
1.445395 0.000000 0.861600
1.522396 0.000000 0.907500
1.533468 0.000000 0.914100
1.519040 0.000000 0.905500
1.397249 0.000000 0.832900
1.483811 0.000000 0.884500
1.524912 0.000000 0.909000
1.547895 0.000000 0.922700
1.497735 0.000000 0.892800
1.483644 0.000000 0.884400
1.431471 0.000000 0.853300
1.538836 0.000000 0.917300
1.451099 0.000000 0.865000
1.487502 0.000000 0.886700
1.519544 0.000000 0.905800
1.437007 0.000000 0.856600
1.467036 0.000000 0.874500
1.435330 0.000000 0.855600
1.465190 0.000000 0.873400
1.447911 0.000000 0.863100
1.557121 0.000000 0.928200
1.485992 0.000000 0.885800
1.474082 0.000000 0.878700
1.389029 0.000000 0.828000
1.493206 0.000000 0.890100
1.444053 0.000000 0.860800
1.403959 0.000000 0.836900
1.433988 0.000000 0.854800
1.549908 0.000000 0.923900
1.483811 0.000000 0.884500
1.379634 0.000000 0.822400
1.416205 0.000000 0.844200
1.491193 0.000000 0.888900
1.528603 0.000000 0.911200
1.502936 0.000000 0.895900
1.499413 0.000000 0.893800
1.512666 0.000000 0.901700
1.493206 0.000000 0.890100
1.486160 0.000000 0.885900
1.454789 0.000000 0.867200
1.522899 0.000000 0.907800
1.488509 0.000000 0.887300
1.418218 0.000000 0.845400
1.518537 0.000000 0.905200
1.525583 0.000000 0.909400
1.484818 0.000000 0.885100
1.459487 0.000000 0.870000
1.553095 0.000000 0.925800
1.427613 0.000000 0.851000
1.443717 0.000000 0.860600
1.539171 0.000000 0.917500
1.488509 0.000000 0.887300
1.622547 0.000000 0.967200
1.416205 0.000000 0.844200
1.479450 0.000000 0.881900
1.452273 0.000000 0.865700
1.440698 0.000000 0.858800
1.438349 0.000000 0.857400
1.427445 0.000000 0.850900
1.507297 0.000000 0.898500
1.494883 0.000000 0.891100
1.395907 0.000000 0.832100
1.513504 0.000000 0.902200
1.515685 0.000000 0.903500
1.487670 0.000000 0.886800
1.527261 0.000000 0.910400
1.542191 0.000000 0.919300
1.498406 0.000000 0.893200
1.463513 0.000000 0.872400
1.525247 0.000000 0.909200
1.490857 0.000000 0.888700
1.465023 0.000000 0.873300
1.510149 0.000000 0.900200
1.511491 0.000000 0.901000
1.448918 0.000000 0.863700
1.539339 0.000000 0.917600
1.480624 0.000000 0.882600
1.497735 0.000000 0.892800
1.353967 0.000000 0.807100
1.464855 0.000000 0.873200
1.535313 0.000000 0.915200
1.489012 0.000000 0.887600
1.486999 0.000000 0.886400
1.378628 0.000000 0.821800
1.424761 0.000000 0.849300
1.438517 0.000000 0.857500
1.473075 0.000000 0.878100
1.524912 0.000000 0.909000
1.487334 0.000000 0.886600
1.524912 0.000000 0.909000
1.440195 0.000000 0.858500
1.516692 0.000000 0.904100
1.545378 0.000000 0.921200
1.517363 0.000000 0.904500
1.521221 0.000000 0.906800
1.408824 0.000000 0.839800
1.535984 0.000000 0.915600
1.421741 0.000000 0.847500
1.494548 0.000000 0.890900
1.506962 0.000000 0.898300
1.430968 0.000000 0.853000
1.394565 0.000000 0.831300
1.524576 0.000000 0.908800
1.496896 0.000000 0.892300
1.449253 0.000000 0.863900
1.469720 0.000000 0.876100
1.429123 0.000000 0.851900
1.555444 0.000000 0.927200
1.436001 0.000000 0.856000
1.526757 0.000000 0.910100
1.557960 0.000000 0.928700
1.452105 0.000000 0.865600
1.440698 0.000000 0.858800
1.420903 0.000000 0.847000
1.494045 0.000000 0.890600
1.437007 0.000000 0.856600
1.392887 0.000000 0.830300
1.440195 0.000000 0.858500
1.505117 0.000000 0.897200
1.503775 0.000000 0.896400
1.572890 0.000000 0.937600
1.492199 0.000000 0.889500
1.508807 0.000000 0.899400
1.574400 0.000000 0.938500
1.520047 0.000000 0.906100
1.431471 0.000000 0.853300
1.451099 0.000000 0.865000
1.485657 0.000000 0.885600
1.446737 0.000000 0.862400
1.346083 0.000000 0.802400
1.402449 0.000000 0.836000
1.486496 0.000000 0.886100
1.421909 0.000000 0.847600
1.470726 0.000000 0.876700
1.443046 0.000000 0.860200
1.470055 0.000000 0.876300
1.462674 0.000000 0.871900
1.482469 0.000000 0.883700
1.434659 0.000000 0.855200
1.445898 0.000000 0.861900
1.541688 0.000000 0.919000
1.509982 0.000000 0.900100
1.493206 0.000000 0.890100
1.475256 0.000000 0.879400
1.481798 0.000000 0.883300
1.473746 0.000000 0.878500
1.451770 0.000000 0.865400
1.447911 0.000000 0.863100
1.420232 0.000000 0.846600
1.506794 0.000000 0.898200
1.533971 0.000000 0.914400
1.519544 0.000000 0.905800
1.509311 0.000000 0.899700
1.499748 0.000000 0.894000
1.561818 0.000000 0.931000
1.498406 0.000000 0.893200
1.501258 0.000000 0.894900
1.506459 0.000000 0.898000
1.536319 0.000000 0.915800
1.462003 0.000000 0.871500
1.367724 0.000000 0.815300
1.342057 0.000000 0.800000
1.478946 0.000000 0.881600
1.506626 0.000000 0.898100
1.488676 0.000000 0.887400
1.531790 0.000000 0.913100
1.476766 0.000000 0.880300
1.439356 0.000000 0.858000
1.518202 0.000000 0.905000
1.491696 0.000000 0.889200
1.414360 0.000000 0.843100
1.415702 0.000000 0.843900
1.488676 0.000000 0.887400
1.424929 0.000000 0.849400
1.446737 0.000000 0.862400
1.426271 0.000000 0.850200
1.540010 0.000000 0.918000
1.402617 0.000000 0.836100
1.510820 0.000000 0.900600
1.489012 0.000000 0.887600
1.490689 0.000000 0.888600
1.463848 0.000000 0.872600
1.441537 0.000000 0.859300
1.495219 0.000000 0.891300
1.467036 0.000000 0.874500
1.540010 0.000000 0.918000
1.443717 0.000000 0.860600
1.435833 0.000000 0.855900
1.478779 0.000000 0.881500
1.538500 0.000000 0.917100
1.439188 0.000000 0.857900
1.433988 0.000000 0.854800
1.466532 0.000000 0.874200
1.424425 0.000000 0.849100
1.479282 0.000000 0.881800
1.509478 0.000000 0.899800
1.497735 0.000000 0.892800
1.385841 0.000000 0.826100
1.414863 0.000000 0.843400
1.440530 0.000000 0.858700
1.520886 0.000000 0.906600
1.495890 0.000000 0.891700
1.482637 0.000000 0.883800
1.470726 0.000000 0.876700
1.495554 0.000000 0.891500
1.481463 0.000000 0.883100
1.517866 0.000000 0.904800
1.457977 0.000000 0.869100
1.519040 0.000000 0.905500
1.454957 0.000000 0.867300
1.495554 0.000000 0.891500
1.407314 0.000000 0.838900
1.542359 0.000000 0.919400
1.439859 0.000000 0.858300
1.488844 0.000000 0.887500
1.506459 0.000000 0.898000
1.501761 0.000000 0.895200
1.399933 0.000000 0.834500
1.565341 0.000000 0.933100
1.554773 0.000000 0.926800
1.529274 0.000000 0.911600
1.473243 0.000000 0.878200
1.505955 0.000000 0.897700
1.495387 0.000000 0.891400
1.520550 0.000000 0.906400
1.510820 0.000000 0.900600
1.447576 0.000000 0.862900
1.548566 0.000000 0.923100
1.380641 0.000000 0.823000
1.520382 0.000000 0.906300
1.460829 0.000000 0.870800
1.499581 0.000000 0.893900
1.512162 0.000000 0.901400
1.520550 0.000000 0.906400
1.534139 0.000000 0.914500
1.537997 0.000000 0.916800
1.419560 0.000000 0.846200
1.503104 0.000000 0.896000
1.455125 0.000000 0.867400
1.515350 0.000000 0.903300
1.503104 0.000000 0.896000
1.490857 0.000000 0.888700
1.502265 0.000000 0.895500
1.570710 0.000000 0.936300
1.569703 0.000000 0.935700
1.445395 0.000000 0.861600
1.423587 0.000000 0.848600
1.475927 0.000000 0.879800
1.424258 0.000000 0.849000
1.550075 0.000000 0.924000
1.486496 0.000000 0.886100
1.428619 0.000000 0.851600
1.478443 0.000000 0.881300
1.359000 0.000000 0.810100
1.438517 0.000000 0.857500
1.460493 0.000000 0.870600
1.482637 0.000000 0.883800
1.534306 0.000000 0.914600
1.423587 0.000000 0.848600
1.503942 0.000000 0.896500
1.476598 0.000000 0.880200
1.485992 0.000000 0.885800
1.471733 0.000000 0.877300
1.530783 0.000000 0.912500
1.515014 0.000000 0.903100
1.424593 0.000000 0.849200
1.423083 0.000000 0.848300
1.451602 0.000000 0.865300
1.538500 0.000000 0.917100
1.461500 0.000000 0.871200
1.361181 0.000000 0.811400
1.488005 0.000000 0.887000
1.523067 0.000000 0.907900
1.490186 0.000000 0.888300
1.485153 0.000000 0.885300
1.488844 0.000000 0.887500
1.498239 0.000000 0.893100
1.496393 0.000000 0.892000
1.489180 0.000000 0.887700
1.495219 0.000000 0.891300
1.458648 0.000000 0.869500
1.428619 0.000000 0.851600
1.479785 0.000000 0.882100
1.478108 0.000000 0.881100
1.464519 0.000000 0.873000
1.477437 0.000000 0.880700
1.497400 0.000000 0.892600
1.467539 0.000000 0.874800
1.475424 0.000000 0.879500
1.500084 0.000000 0.894200
1.522228 0.000000 0.907400
1.445731 0.000000 0.861800
1.417883 0.000000 0.845200
1.451267 0.000000 0.865100
1.450931 0.000000 0.864900
1.500923 0.000000 0.894700
1.506794 0.000000 0.898200
1.435833 0.000000 0.855900
1.501594 0.000000 0.895100
1.414360 0.000000 0.843100
1.441872 0.000000 0.859500
1.489683 0.000000 0.888000
1.531958 0.000000 0.913200
1.516524 0.000000 0.904000
1.555779 0.000000 0.927400
1.421741 0.000000 0.847500
1.431639 0.000000 0.853400
1.584298 0.000000 0.944400
1.438349 0.000000 0.857400
1.459990 0.000000 0.870300
1.412347 0.000000 0.841900
1.510988 0.000000 0.900700
1.505117 0.000000 0.897200
1.551753 0.000000 0.925000
1.427948 0.000000 0.851200
1.484482 0.000000 0.884900
1.453783 0.000000 0.866600
1.420064 0.000000 0.846500
1.495387 0.000000 0.891400
1.463681 0.000000 0.872500
1.563328 0.000000 0.931900
1.577588 0.000000 0.940400
1.574065 0.000000 0.938300
1.553934 0.000000 0.926300
1.503439 0.000000 0.896200
1.598893 0.000000 0.953100
1.564503 0.000000 0.932600
1.464016 0.000000 0.872700
1.493877 0.000000 0.890500
1.425264 0.000000 0.849600
1.497735 0.000000 0.892800
1.404462 0.000000 0.837200
1.502936 0.000000 0.895900
1.557121 0.000000 0.928200
1.413689 0.000000 0.842700
1.507297 0.000000 0.898500
1.439859 0.000000 0.858300
1.491025 0.000000 0.888800
1.493374 0.000000 0.890200
1.503607 0.000000 0.896300
1.504613 0.000000 0.896900
1.439859 0.000000 0.858300
1.473578 0.000000 0.878400
1.467371 0.000000 0.874700
1.504613 0.000000 0.896900
1.472404 0.000000 0.877700
1.534306 0.000000 0.914600
1.551250 0.000000 0.924700
1.564335 0.000000 0.932500
1.473075 0.000000 0.878100
1.509143 0.000000 0.899600
1.520718 0.000000 0.906500
1.554437 0.000000 0.926600
1.489347 0.000000 0.887800
1.590673 0.000000 0.948200
1.503942 0.000000 0.896500
1.497232 0.000000 0.892500
1.586647 0.000000 0.945800
1.513337 0.000000 0.902100
1.522899 0.000000 0.907800
1.399597 0.000000 0.834300
1.500587 0.000000 0.894500
1.392048 0.000000 0.829800
1.468042 0.000000 0.875100
1.486663 0.000000 0.886200
1.435162 0.000000 0.855500
1.499245 0.000000 0.893700
1.415702 0.000000 0.843900
1.508472 0.000000 0.899200
1.527596 0.000000 0.910600
1.491864 0.000000 0.889300
1.482973 0.000000 0.884000
1.434323 0.000000 0.855000
1.485489 0.000000 0.885500
1.555779 0.000000 0.927400
1.445563 0.000000 0.861700
1.473075 0.000000 0.878100
1.470391 0.000000 0.876500
1.526086 0.000000 0.909700
1.447240 0.000000 0.862700
1.502432 0.000000 0.895600
1.505284 0.000000 0.897300
1.498239 0.000000 0.893100
1.467036 0.000000 0.874500
1.498071 0.000000 0.893000
1.532125 0.000000 0.913300
1.447408 0.000000 0.862800
1.498406 0.000000 0.893200
1.523570 0.000000 0.908200
1.443885 0.000000 0.860700
1.409663 0.000000 0.840300
1.502432 0.000000 0.895600
1.441872 0.000000 0.859500
1.551921 0.000000 0.925100
1.496561 0.000000 0.892100
1.454286 0.000000 0.866900
1.539507 0.000000 0.917700
1.448247 0.000000 0.863300
1.426942 0.000000 0.850600
1.519544 0.000000 0.905800
1.439524 0.000000 0.858100
1.411340 0.000000 0.841300
1.597047 0.000000 0.952000
1.541352 0.000000 0.918800
1.369401 0.000000 0.816300
1.456970 0.000000 0.868500
1.492535 0.000000 0.889700
1.490689 0.000000 0.888600
1.521892 0.000000 0.907200
1.470055 0.000000 0.876300
1.517698 0.000000 0.904700
1.548901 0.000000 0.923300
1.480792 0.000000 0.882700
1.432646 0.000000 0.854000
1.579097 0.000000 0.941300
1.419057 0.000000 0.845900
1.430800 0.000000 0.852900
1.484147 0.000000 0.884700
1.564838 0.000000 0.932800
1.486160 0.000000 0.885900
1.470559 0.000000 0.876600
1.541688 0.000000 0.919000
1.486496 0.000000 0.886100
1.496729 0.000000 0.892200
1.475927 0.000000 0.879800
1.489180 0.000000 0.887700
1.522060 0.000000 0.907300
1.546720 0.000000 0.922000
1.373427 0.000000 0.818700
1.439188 0.000000 0.857900
1.535648 0.000000 0.915400
1.403456 0.000000 0.836600
1.545378 0.000000 0.921200
1.442040 0.000000 0.859600
1.550411 0.000000 0.924200
1.435162 0.000000 0.855500
1.514008 0.000000 0.902500
1.492367 0.000000 0.889600
1.481127 0.000000 0.882900
1.504446 0.000000 0.896800
1.507801 0.000000 0.898800
1.408153 0.000000 0.839400
1.471901 0.000000 0.877400
1.448079 0.000000 0.863200
1.584298 0.000000 0.944400
1.397920 0.000000 0.833300
1.463681 0.000000 0.872500
1.514847 0.000000 0.903000
1.515350 0.000000 0.903300
1.484147 0.000000 0.884700
1.459654 0.000000 0.870100
1.480960 0.000000 0.882800
1.414024 0.000000 0.842900
1.498742 0.000000 0.893400
1.450260 0.000000 0.864500
1.511491 0.000000 0.901000
1.396410 0.000000 0.832400
1.580775 0.000000 0.942300
1.431471 0.000000 0.853300
1.504781 0.000000 0.897000
1.443214 0.000000 0.860300
1.528770 0.000000 0.911300
1.513169 0.000000 0.902000
1.451938 0.000000 0.865500
1.427445 0.000000 0.850900
1.474753 0.000000 0.879100
1.481127 0.000000 0.882900
1.473914 0.000000 0.878600
1.522396 0.000000 0.907500
1.468210 0.000000 0.875200
1.483979 0.000000 0.884600
1.398423 0.000000 0.833600
1.454789 0.000000 0.867200
1.474249 0.000000 0.878800
1.424929 0.000000 0.849400
1.443046 0.000000 0.860200
1.445563 0.000000 0.861700
1.434155 0.000000 0.854900
1.491864 0.000000 0.889300
1.489683 0.000000 0.888000
1.485489 0.000000 0.885500
1.392384 0.000000 0.830000
1.559302 0.000000 0.929500
1.455293 0.000000 0.867500
1.436839 0.000000 0.856500
1.439020 0.000000 0.857800
1.418386 0.000000 0.845500
1.492367 0.000000 0.889600
1.526422 0.000000 0.909900
1.388525 0.000000 0.827700
1.422412 0.000000 0.847900
1.492535 0.000000 0.889700
1.446234 0.000000 0.862100
1.565174 0.000000 0.933000
1.496729 0.000000 0.892200
1.431975 0.000000 0.853600
1.427781 0.000000 0.851100
1.476598 0.000000 0.880200
1.437678 0.000000 0.857000
1.452273 0.000000 0.865700
1.488509 0.000000 0.887300
1.523570 0.000000 0.908200
1.459990 0.000000 0.870300
1.506962 0.000000 0.898300
1.533468 0.000000 0.914100
1.541184 0.000000 0.918700
1.342057 0.000000 0.800000
1.589834 0.000000 0.947700
1.514847 0.000000 0.903000
1.510988 0.000000 0.900700
1.428955 0.000000 0.851800
1.470223 0.000000 0.876400
1.531454 0.000000 0.912900
1.514175 0.000000 0.902600
1.470726 0.000000 0.876700
1.502600 0.000000 0.895700
1.466700 0.000000 0.874300
1.489851 0.000000 0.888100
1.535313 0.000000 0.915200
1.495219 0.000000 0.891300
1.443550 0.000000 0.860500
1.422580 0.000000 0.848000
1.463010 0.000000 0.872100
1.454118 0.000000 0.866800
1.451099 0.000000 0.865000
1.490018 0.000000 0.888200
1.483140 0.000000 0.884100
1.427445 0.000000 0.850900
1.454286 0.000000 0.866900
1.474753 0.000000 0.879100
1.463345 0.000000 0.872300
1.496058 0.000000 0.891800
1.500419 0.000000 0.894400
1.474753 0.000000 0.879100
1.443550 0.000000 0.860500
1.587318 0.000000 0.946200
1.491361 0.000000 0.889000
1.507968 0.000000 0.898900
1.424593 0.000000 0.849200
1.501258 0.000000 0.894900
1.483476 0.000000 0.884300
1.471901 0.000000 0.877400
1.489683 0.000000 0.888000
1.423251 0.000000 0.848400
1.499748 0.000000 0.894000
1.442375 0.000000 0.859800
1.545546 0.000000 0.921300
1.416205 0.000000 0.844200
1.521389 0.000000 0.906900
1.471230 0.000000 0.877000
1.552089 0.000000 0.925200
1.471733 0.000000 0.877300
1.469217 0.000000 0.875800
1.455125 0.000000 0.867400
1.554773 0.000000 0.926800
1.500587 0.000000 0.894500
1.482469 0.000000 0.883700
1.533803 0.000000 0.914300
1.572555 0.000000 0.937400
1.501594 0.000000 0.895100
1.547727 0.000000 0.922600
1.521892 0.000000 0.907200
1.447576 0.000000 0.862900
1.420567 0.000000 0.846800
1.492032 0.000000 0.889400
1.442208 0.000000 0.859700
1.445395 0.000000 0.861600
1.482469 0.000000 0.883700
1.526254 0.000000 0.909800
1.453112 0.000000 0.866200
1.493038 0.000000 0.890000
1.484147 0.000000 0.884700
1.503607 0.000000 0.896300
1.500252 0.000000 0.894300
1.488005 0.000000 0.887000
1.545043 0.000000 0.921000
1.592686 0.000000 0.949400
1.564670 0.000000 0.932700
1.475591 0.000000 0.879600
1.442543 0.000000 0.859900
1.445395 0.000000 0.861600
1.505620 0.000000 0.897500
1.555108 0.000000 0.927000
1.438853 0.000000 0.857700
1.462339 0.000000 0.871700
1.467036 0.000000 0.874500
1.493877 0.000000 0.890500
1.471565 0.000000 0.877200
1.516021 0.000000 0.903700
1.514511 0.000000 0.902800
1.544540 0.000000 0.920700
1.430968 0.000000 0.853000
1.456635 0.000000 0.868300
1.491361 0.000000 0.889000
1.520215 0.000000 0.906200
1.428955 0.000000 0.851800
1.424929 0.000000 0.849400
1.466029 0.000000 0.873900
1.480792 0.000000 0.882700
1.499245 0.000000 0.893700
1.482637 0.000000 0.883800
1.566348 0.000000 0.933700
1.477772 0.000000 0.880900
1.513504 0.000000 0.902200
1.541855 0.000000 0.919100
1.374098 0.000000 0.819100
1.492535 0.000000 0.889700
1.481127 0.000000 0.882900
1.478779 0.000000 0.881500
1.498406 0.000000 0.893200
1.428284 0.000000 0.851400
1.534139 0.000000 0.914500
1.575575 0.000000 0.939200
1.489683 0.000000 0.888000
1.478611 0.000000 0.881400
1.495219 0.000000 0.891300
1.456299 0.000000 0.868100
1.478108 0.000000 0.881100
1.486831 0.000000 0.886300
1.519376 0.000000 0.905700
1.432478 0.000000 0.853900
1.418218 0.000000 0.845400
1.467036 0.000000 0.874500
1.419560 0.000000 0.846200
1.456467 0.000000 0.868200
1.529441 0.000000 0.911700
1.549069 0.000000 0.923400
1.465861 0.000000 0.873800
1.524912 0.000000 0.909000
1.533803 0.000000 0.914300
1.489851 0.000000 0.888100
1.528267 0.000000 0.911000
1.481463 0.000000 0.883100
1.399094 0.000000 0.834000
1.498574 0.000000 0.893300
1.502265 0.000000 0.895500
1.399765 0.000000 0.834400
1.469888 0.000000 0.876200
1.451267 0.000000 0.865100
1.500755 0.000000 0.894600
1.436168 0.000000 0.856100
1.619527 0.000000 0.965400
1.569200 0.000000 0.935400
1.461835 0.000000 0.871400
1.402449 0.000000 0.836000
1.466197 0.000000 0.874000
1.460829 0.000000 0.870800
1.549740 0.000000 0.923800
1.437343 0.000000 0.856800
1.497903 0.000000 0.892900
1.344070 0.000000 0.801200
1.480456 0.000000 0.882500
1.386512 0.000000 0.826500
1.559973 0.000000 0.929900
1.473075 0.000000 0.878100
1.457138 0.000000 0.868600
1.502936 0.000000 0.895900
1.506291 0.000000 0.897900
1.492870 0.000000 0.889900
1.468881 0.000000 0.875600
1.485992 0.000000 0.885800
1.470894 0.000000 0.876800
1.504613 0.000000 0.896900
1.487838 0.000000 0.886900
1.496561 0.000000 0.892100
1.466532 0.000000 0.874200
1.521725 0.000000 0.907100
1.537326 0.000000 0.916400
1.477604 0.000000 0.880800
1.432310 0.000000 0.853800
1.400268 0.000000 0.834700
1.574233 0.000000 0.938400
1.434994 0.000000 0.855400
1.457138 0.000000 0.868600
1.552592 0.000000 0.925500
1.540346 0.000000 0.918200
1.500084 0.000000 0.894200
1.533803 0.000000 0.914300
1.360845 0.000000 0.811200
1.505788 0.000000 0.897600
1.461668 0.000000 0.871300
1.517363 0.000000 0.904500
1.497735 0.000000 0.892800
1.452441 0.000000 0.865800
1.391210 0.000000 0.829300
1.416876 0.000000 0.844600
1.528099 0.000000 0.910900
1.500419 0.000000 0.894400
1.439188 0.000000 0.857900
1.476262 0.000000 0.880000
1.474585 0.000000 0.879000
1.476933 0.000000 0.880400
1.385841 0.000000 0.826100
1.459487 0.000000 0.870000
1.598222 0.000000 0.952700
1.443382 0.000000 0.860400
1.507465 0.000000 0.898600
1.422245 0.000000 0.847800
1.510653 0.000000 0.900500
1.491864 0.000000 0.889300
1.549572 0.000000 0.923700
1.607616 0.000000 0.958300
1.416373 0.000000 0.844300
1.439859 0.000000 0.858300
1.468042 0.000000 0.875100
1.467707 0.000000 0.874900
1.431639 0.000000 0.853400
1.520215 0.000000 0.906200
1.507297 0.000000 0.898500
1.382989 0.000000 0.824400
1.469384 0.000000 0.875900
1.402785 0.000000 0.836200
1.389029 0.000000 0.828000
1.410669 0.000000 0.840900
1.467371 0.000000 0.874700
1.396242 0.000000 0.832300
1.415702 0.000000 0.843900
1.469552 0.000000 0.876000
1.340715 0.000000 0.799200
1.414863 0.000000 0.843400
1.494716 0.000000 0.891000
1.500084 0.000000 0.894200
1.535313 0.000000 0.915200
1.489683 0.000000 0.888000
1.471397 0.000000 0.877100
1.448582 0.000000 0.863500
1.562490 0.000000 0.931400
1.455293 0.000000 0.867500
1.520550 0.000000 0.906400
1.416541 0.000000 0.844400
1.453280 0.000000 0.866300
1.533300 0.000000 0.914000
1.446402 0.000000 0.862200
1.379634 0.000000 0.822400
1.394565 0.000000 0.831300
1.445898 0.000000 0.861900
1.444389 0.000000 0.861000
1.469552 0.000000 0.876000
1.481966 0.000000 0.883400
1.487334 0.000000 0.886600
1.555947 0.000000 0.927500
1.447744 0.000000 0.863000
1.459822 0.000000 0.870200
1.454454 0.000000 0.867000
1.484818 0.000000 0.885100
1.494212 0.000000 0.890700
1.432142 0.000000 0.853700
1.569535 0.000000 0.935600
1.455796 0.000000 0.867800
1.602080 0.000000 0.955000
1.454118 0.000000 0.866800
1.421238 0.000000 0.847200
1.458983 0.000000 0.869700
1.411340 0.000000 0.841300
1.376447 0.000000 0.820500
1.485825 0.000000 0.885700
1.506962 0.000000 0.898300
1.493374 0.000000 0.890200
1.495890 0.000000 0.891700
1.539339 0.000000 0.917600
1.534977 0.000000 0.915000
1.540178 0.000000 0.918100
1.501426 0.000000 0.895000
1.493374 0.000000 0.890200
1.585640 0.000000 0.945200
1.442879 0.000000 0.860100
1.559973 0.000000 0.929900
1.469217 0.000000 0.875800
1.498071 0.000000 0.893000
1.442711 0.000000 0.860000
1.558799 0.000000 0.929200
1.522396 0.000000 0.907500
1.464855 0.000000 0.873200
1.486328 0.000000 0.886000
1.530951 0.000000 0.912600
1.513672 0.000000 0.902300
1.515350 0.000000 0.903300
1.542694 0.000000 0.919600
1.468881 0.000000 0.875600
1.538500 0.000000 0.917100
1.505788 0.000000 0.897600
1.453280 0.000000 0.866300
1.490186 0.000000 0.888300
1.475256 0.000000 0.879400
1.502600 0.000000 0.895700
1.416205 0.000000 0.844200
1.452776 0.000000 0.866000
1.474417 0.000000 0.878900
1.475759 0.000000 0.879700
1.528770 0.000000 0.911300
1.468042 0.000000 0.875100
1.372588 0.000000 0.818200
1.608623 0.000000 0.958900
1.451770 0.000000 0.865400
1.501090 0.000000 0.894800
1.525918 0.000000 0.909600
1.510653 0.000000 0.900500
1.505284 0.000000 0.897300
1.512833 0.000000 0.901800
1.532797 0.000000 0.913700
1.478443 0.000000 0.881300
1.400772 0.000000 0.835000
1.465023 0.000000 0.873300
1.499077 0.000000 0.893600
1.435162 0.000000 0.855500
1.451602 0.000000 0.865300
1.568697 0.000000 0.935100
1.575071 0.000000 0.938900
1.445563 0.000000 0.861700
1.546385 0.000000 0.921800
1.567187 0.000000 0.934200
1.461164 0.000000 0.871000
1.572555 0.000000 0.937400
1.451434 0.000000 0.865200
1.427781 0.000000 0.851100
1.402114 0.000000 0.835800
1.564838 0.000000 0.932800
1.475927 0.000000 0.879800
1.491696 0.000000 0.889200
1.483644 0.000000 0.884400
1.479450 0.000000 0.881900
1.490186 0.000000 0.888300
1.449925 0.000000 0.864300
1.479618 0.000000 0.882000
1.495890 0.000000 0.891700
1.467875 0.000000 0.875000
1.476262 0.000000 0.880000
1.559470 0.000000 0.929600
1.565174 0.000000 0.933000
1.466029 0.000000 0.873900
1.611978 0.000000 0.960900
1.439020 0.000000 0.857800
1.476933 0.000000 0.880400
1.431471 0.000000 0.853300
1.460493 0.000000 0.870600
1.472404 0.000000 0.877700
1.505452 0.000000 0.897400
1.437343 0.000000 0.856800
1.490857 0.000000 0.888700
1.494380 0.000000 0.890800
1.511659 0.000000 0.901100
1.416373 0.000000 0.844300
1.420903 0.000000 0.847000
1.519544 0.000000 0.905800
1.457138 0.000000 0.868600
1.465861 0.000000 0.873800
1.551082 0.000000 0.924600
1.498910 0.000000 0.893500
1.517531 0.000000 0.904600
1.446066 0.000000 0.862000
1.505117 0.000000 0.897200
1.501594 0.000000 0.895100
1.431303 0.000000 0.853200
1.570039 0.000000 0.935900
1.505955 0.000000 0.897700
1.560476 0.000000 0.930200
1.530112 0.000000 0.912100
1.503104 0.000000 0.896000
1.542359 0.000000 0.919400
1.549908 0.000000 0.923900
1.490689 0.000000 0.888600
1.547559 0.000000 0.922500
1.488173 0.000000 0.887100
1.521054 0.000000 0.906700
1.470726 0.000000 0.876700
1.508136 0.000000 0.899000
1.424593 0.000000 0.849200
1.462674 0.000000 0.871900
1.486328 0.000000 0.886000
1.448247 0.000000 0.863300
1.531790 0.000000 0.913100
1.416876 0.000000 0.844600
1.440195 0.000000 0.858500
1.453783 0.000000 0.866600
1.537997 0.000000 0.916800
1.409495 0.000000 0.840200
1.466532 0.000000 0.874200
1.494716 0.000000 0.891000
1.520718 0.000000 0.906500
1.478611 0.000000 0.881400
1.537326 0.000000 0.916400
1.429458 0.000000 0.852100
1.472404 0.000000 0.877700
1.490186 0.000000 0.888300
1.498071 0.000000 0.893000
1.445395 0.000000 0.861600
1.544540 0.000000 0.920700
1.511995 0.000000 0.901300
1.434323 0.000000 0.855000
1.455796 0.000000 0.867800
1.485321 0.000000 0.885400
1.389029 0.000000 0.828000
1.486160 0.000000 0.885900
1.459822 0.000000 0.870200
1.485489 0.000000 0.885500
1.410837 0.000000 0.841000
1.450931 0.000000 0.864900
1.491864 0.000000 0.889300
1.441537 0.000000 0.859300
1.513337 0.000000 0.902100
1.490522 0.000000 0.888500
1.421574 0.000000 0.847400
1.527932 0.000000 0.910800
1.449086 0.000000 0.863800
1.528267 0.000000 0.911000
1.486663 0.000000 0.886200
1.503104 0.000000 0.896000
1.442375 0.000000 0.859800
1.500084 0.000000 0.894200
1.477101 0.000000 0.880500
1.420064 0.000000 0.846500
1.513840 0.000000 0.902400
1.417547 0.000000 0.845000
1.541184 0.000000 0.918700
1.483644 0.000000 0.884400
1.493541 0.000000 0.890300
1.484147 0.000000 0.884700
1.448582 0.000000 0.863500
1.485321 0.000000 0.885400
1.455796 0.000000 0.867800
1.464352 0.000000 0.872900
1.551418 0.000000 0.924800
1.488173 0.000000 0.887100
1.446569 0.000000 0.862300
1.560644 0.000000 0.930300
1.469049 0.000000 0.875700
1.553766 0.000000 0.926200
1.532293 0.000000 0.913400
1.459990 0.000000 0.870300
1.413018 0.000000 0.842300
1.525918 0.000000 0.909600
1.497232 0.000000 0.892500
1.518873 0.000000 0.905400
1.478275 0.000000 0.881200
1.501594 0.000000 0.895100
1.533635 0.000000 0.914200
1.477437 0.000000 0.880700
1.541688 0.000000 0.919000
1.480624 0.000000 0.882600
1.524744 0.000000 0.908900
1.546553 0.000000 0.921900
1.543868 0.000000 0.920300
1.459990 0.000000 0.870300
