# resid rmsf(A)  [APO, n=480 frames]
1 nan
2 nan
3 nan
4 nan
5 nan
6 nan
7 nan
8 nan
9 nan
10 nan
11 nan
12 nan
13 nan
14 nan
15 nan
16 nan
17 nan
18 nan
19 nan
20 nan
21 nan
22 nan
23 nan
24 nan
25 nan
26 nan
27 nan
28 nan
29 nan
30 nan
31 nan
32 nan
33 nan
34 nan
35 nan
36 nan
37 nan
38 nan
39 nan
40 nan
41 nan
42 nan
43 nan
44 nan
45 nan
46 nan
47 nan
48 nan
49 nan
50 nan
51 nan
52 nan
53 nan
54 nan
55 nan
56 nan
57 nan
58 nan
59 nan
60 nan
61 nan
62 nan
63 nan
64 nan
65 nan
66 nan
67 nan
68 nan
69 nan
70 nan
71 nan
72 nan
73 nan
74 nan
75 nan
76 nan
77 nan
78 nan
79 nan
80 nan
81 nan
82 nan
83 nan
84 nan
85 nan
86 nan
87 nan
88 nan
89 nan
90 nan
91 nan
92 nan
93 nan
94 nan
95 nan
96 nan
97 nan
98 nan
99 nan
100 nan
101 nan
102 nan
103 nan
104 nan
105 nan
106 nan
107 nan
108 nan
109 nan
110 nan
111 nan
112 nan
113 nan
114 nan
115 nan
116 nan
117 nan
118 nan
119 nan
120 nan
121 nan
122 nan
123 nan
124 nan
125 nan
126 nan
127 nan
128 nan
129 nan
130 nan
131 nan
132 nan
133 nan
134 nan
135 nan
136 nan
137 nan
138 nan
139 nan
140 nan
141 nan
142 nan
143 nan
144 nan
145 nan
146 nan
147 nan
148 nan
149 nan
150 nan
151 nan
152 nan
153 nan
154 nan
155 nan
156 nan
157 nan
158 nan
159 nan
160 nan
161 nan
162 nan
163 nan
164 nan
165 nan
166 nan
167 nan
168 nan
169 nan
170 nan
171 nan
172 nan
173 nan
174 nan
175 nan
176 nan
177 nan
178 nan
179 nan
180 nan
181 nan
182 nan
183 nan
184 nan
185 nan
186 nan
187 nan
188 nan
189 nan
190 nan
191 nan
192 nan
193 nan
194 nan
195 nan
196 nan
197 nan
198 nan
199 nan
200 nan
201 nan
202 nan
203 nan
204 nan
205 nan
206 nan
207 nan
208 nan
209 nan
210 nan
211 nan
212 nan
213 nan
214 nan
215 nan
216 nan
217 nan
218 nan
219 nan
220 nan
221 nan
222 nan
223 nan
224 nan
225 nan
226 nan
227 nan
228 nan
229 nan
230 nan
231 nan
232 nan
233 nan
234 nan
235 nan
236 nan
237 nan
238 nan
239 nan
240 nan
241 nan
242 nan
243 nan
244 nan
245 nan
246 nan
247 nan
248 nan
249 nan
250 nan
251 nan
252 nan
253 nan
254 nan
255 nan
256 nan
257 nan
258 nan
259 nan
260 nan
261 nan
262 nan
263 nan
264 nan
265 nan
266 nan
267 nan
268 nan
269 nan
270 nan
271 nan
272 nan
273 nan
274 nan
275 nan
276 nan
277 nan
278 nan
279 nan
280 nan
281 nan
282 nan
283 nan
284 nan
285 nan
286 nan
287 nan
288 nan
289 nan
290 nan
291 nan
292 nan
293 nan
294 nan
295 nan
296 nan
297 nan
298 nan
299 nan
300 nan
301 nan
302 nan
303 nan
304 nan
305 nan
306 nan
307 nan
308 nan
309 nan
310 nan
311 nan
312 nan
313 nan
314 nan
315 nan
316 nan
317 nan
318 nan
319 nan
320 nan
321 nan
322 nan
323 nan
324 nan
325 nan
326 nan
327 nan
328 nan
329 nan
330 nan
331 nan
332 nan
333 nan
334 nan
335 nan
336 nan
337 nan
338 nan
339 nan
340 nan
341 nan
342 nan
343 nan
344 nan
345 nan
346 nan
347 nan
348 nan
349 nan
350 nan
351 nan
352 nan
353 nan
354 nan
355 nan
356 nan
357 nan
358 nan
359 nan
360 nan
361 nan
362 nan
363 nan
364 nan
365 nan
366 nan
367 nan
368 nan
369 nan
370 nan
371 nan
372 nan
373 nan
374 nan
375 nan
376 nan
377 nan
378 nan
379 nan
380 nan
381 nan
382 nan
383 nan
384 nan
385 nan
386 nan
387 nan
388 nan
389 nan
390 nan
391 nan
392 nan
393 nan
394 nan
395 nan
396 nan
397 nan
398 nan
399 nan
400 nan
401 nan
402 nan
403 nan
404 nan
405 nan
406 nan
407 nan
408 nan
409 nan
410 nan
411 nan
412 nan
413 nan
414 nan
415 nan
416 nan
417 nan
418 nan
419 nan
420 nan
421 nan
422 nan
423 nan
424 nan
425 nan
426 nan
427 nan
428 nan
429 nan
430 nan
431 nan
432 nan
433 nan
434 nan
435 nan
436 nan
437 nan
438 nan
439 nan
440 nan
441 nan
442 nan
443 nan
444 nan
445 nan
446 nan
447 nan
448 nan
449 nan
450 nan
451 nan
452 nan
453 nan
454 nan
455 nan
456 nan
457 nan
458 nan
459 nan
460 nan
461 nan
462 nan
463 nan
464 nan
465 nan
466 nan
467 nan
468 nan
469 nan
470 nan
471 nan
472 nan
473 nan
474 nan
475 nan
476 nan
477 nan
478 nan
479 nan
480 nan
481 nan
482 nan
483 nan
484 nan
485 nan
486 nan
487 nan
488 nan
489 nan
490 nan
491 nan
492 nan
493 nan
494 nan
495 nan
496 nan
497 nan
498 nan
499 nan
500 nan
501 nan
502 nan
503 nan
504 nan
505 nan
506 nan
507 nan
508 nan
509 nan
510 nan
511 nan
512 nan
513 nan
514 nan
515 nan
516 nan
517 nan
518 nan
519 nan
520 nan
521 nan
522 nan
523 nan
524 nan
525 nan
526 nan
527 nan
528 nan
529 nan
530 nan
531 nan
532 nan
533 nan
534 nan
535 nan
536 nan
537 nan
538 nan
539 nan
540 nan
541 nan
542 nan
543 nan
544 nan
545 nan
546 nan
547 nan
548 nan
549 nan
550 nan
551 nan
552 nan
553 nan
554 nan
555 nan
556 nan
557 nan
558 nan
559 nan
560 nan
561 nan
562 nan
563 nan
564 nan
565 nan
566 nan
567 nan
568 nan
569 nan
570 nan
571 nan
572 nan
573 nan
574 nan
575 nan
576 nan
577 nan
578 nan
579 nan
580 nan
581 nan
582 nan
583 nan
584 nan
585 nan
586 nan
587 nan
588 nan
589 nan
590 nan
591 nan
592 nan
593 nan
594 nan
595 nan
596 nan
597 nan
598 nan
599 nan
600 nan
601 nan
602 nan
603 nan
604 nan
605 nan
606 nan
607 nan
608 nan
609 nan
610 nan
611 nan
612 nan
613 nan
614 nan
615 nan
616 nan
617 nan
618 nan
619 nan
620 nan
621 nan
622 nan
623 nan
624 nan
625 nan
626 nan
627 nan
628 nan
629 nan
630 nan
631 nan
632 nan
633 nan
634 nan
635 nan
636 nan
637 nan
638 nan
639 nan
640 nan
641 nan
642 nan
643 nan
644 nan
645 nan
646 nan
647 nan
648 nan
649 nan
650 nan
651 nan
652 nan
653 nan
654 nan
655 nan
656 nan
657 nan
658 nan
659 nan
660 nan
661 nan
662 8.6536
663 8.3039
664 9.0452
665 8.2443
666 8.4184
667 7.9469
668 7.4047
669 7.0099
670 6.9280
671 6.4716
672 5.9299
673 5.6903
674 5.4816
675 4.9337
676 4.3590
677 4.2296
678 3.9400
679 3.1585
680 3.0867
681 3.0828
682 2.3018
683 1.9984
684 2.4711
685 2.0203
686 1.3413
687 2.0282
688 2.3799
689 1.8390
690 2.1022
691 1.4746
692 1.7875
693 1.7887
694 2.3758
695 2.4678
696 1.9577
697 2.1008
698 1.8938
699 3.0527
700 2.2345
701 2.3946
702 2.9098
703 2.4854
704 2.9774
705 2.3377
706 1.6143
707 2.2978
708 2.8204
709 2.2352
710 2.1769
711 3.0951
712 3.4166
713 3.1513
714 3.5049
715 4.2788
716 4.2822
717 4.3110
718 5.0460
719 5.4322
720 5.4154
721 5.8359
722 6.4898
723 6.6625
724 6.0374
725 6.6998
726 6.4835
727 6.4631
728 5.8588
729 5.2789
730 5.3854
731 5.2510
732 4.4629
733 4.1777
734 4.3909
735 4.0043
736 3.1688
737 3.0571
738 3.3491
739 2.8115
740 2.2383
741 2.4482
742 2.5435
743 2.4732
744 3.1984
745 3.7796
746 4.4884
747 4.5925
748 4.6916
749 3.9787
750 4.3178
751 4.6721
752 4.2643
753 5.1086
754 5.2279
755 4.6078
756 4.4849
757 4.0173
758 3.4338
759 3.2361
760 3.0153
761 2.2588
762 1.9285
763 2.0153
764 1.3951
765 0.8628
766 1.3438
767 1.5068
768 0.9220
769 1.4259
770 2.1002
771 2.0395
772 2.1851
773 2.8624
774 3.2208
775 3.1616
776 3.5402
777 4.1373
778 4.1495
779 4.5218
780 5.0718
781 6.0161
782 7.1512
783 7.1553
784 8.1755
785 7.9924
786 8.8975
787 8.2099
788 7.0357
789 6.3944
790 5.7890
791 6.2698
792 6.3538
793 5.5445
794 5.3366
795 5.9535
796 5.5508
797 4.7317
798 5.2141
799 4.6592
800 4.9712
801 4.4119
802 4.7267
803 4.5832
804 4.5845
805 5.3142
806 5.0990
807 5.8505
808 5.6680
809 5.4856
810 4.6091
811 4.3163
812 4.6304
813 4.0891
814 3.2678
815 3.5951
816 3.8754
817 2.9887
818 2.6708
819 3.6103
820 3.6999
821 2.8923
822 3.0819
823 3.7974
824 4.4074
825 4.5807
826 4.1479
827 5.2418
828 4.5586
829 3.9227
830 3.7943
831 3.1516
832 3.4173
833 3.1558
834 3.4740
835 3.4864
836 3.3269
837 3.4952
838 3.6983
839 3.6008
840 4.2025
841 4.2472
842 5.1365
843 5.2116
844 4.2876
845 4.3975
846 5.1094
847 4.6210
848 3.8719
849 4.4881
850 4.3033
851 3.4117
852 3.6104
853 3.9012
854 3.2069
855 3.0037
856 2.5793
857 2.3611
858 1.9844
859 1.8078
860 1.0272
861 0.6887
862 0.6216
863 1.1605
864 1.8135
865 2.3432
866 2.4466
867 3.0703
868 2.8610
869 2.6399
870 3.5168
871 3.6373
872 2.9493
873 3.3855
874 4.2193
875 4.1914
876 3.4175
877 2.8418
878 3.4802
879 3.7538
880 4.3857
881 5.3181
882 6.0547
883 6.4760
884 5.8120
885 6.0459
886 5.5732
887 5.8260
888 5.8744
889 4.5258
890 4.4333
891 4.0635
892 4.4167
893 4.1487
894 3.1860
895 2.3419
896 1.8969
897 1.0734
898 1.4469
899 1.9525
900 2.2777
901 1.9287
902 2.6344
903 2.3890
904 1.5677
905 2.0207
906 2.6581
907 2.2789
908 2.0482
909 2.7952
910 2.8681
911 3.8061
912 4.1203
913 4.0918
914 3.5135
915 3.1289
916 2.7111
917 2.1886
918 1.7997
919 1.2983
920 1.2884
921 1.4611
922 1.6447
923 1.9380
924 1.6220
925 2.1261
926 2.0218
927 2.6071
928 3.0629
929 3.0053
930 3.6129
931 3.8985
932 4.4191
933 4.8934
934 5.1552
935 5.0273
936 5.2080
937 5.4634
938 4.9238
939 5.3943
940 5.1110
941 4.4139
942 4.8819
943 4.9652
944 4.2900
945 3.6686
946 3.0333
947 2.6956
948 2.9950
949 2.9573
950 3.5545
951 3.9775
952 4.0393
953 4.6610
954 4.1882
955 3.4629
956 3.3336
957 4.0416
958 3.8252
959 4.9281
960 4.5662
961 4.0922
962 4.2350
963 4.2032
964 4.1871
965 4.5046
966 4.2624
967 3.4576
968 3.4002
969 3.1580
970 3.1930
971 3.7814
972 4.0408
973 4.1767
974 3.9503
975 4.7669
976 5.1421
977 4.7124
978 5.5820
979 5.3620
980 6.1007
981 6.1579
982 5.4645
983 5.4307
984 4.4368
985 4.3098
986 3.4352
987 2.9588
988 2.5053
989 1.9551
990 2.3088
991 2.4439
992 3.2907
993 3.3997
994 3.3417
995 3.5527
996 2.7107
997 2.3359
998 2.7083
999 2.4424
1000 2.8301
1001 2.6165
1002 2.2891
1003 2.2898
1004 2.4916
1005 2.5122
1006 2.9877
1007 3.0797
1008 3.8435
1009 4.2240
1010 5.1015
1011 5.4717
1012 5.3797
1013 6.1626
1014 6.1193
