# resid rmsf(A)  [AZD5305, n=517 frames]
1 nan
2 nan
3 nan
4 nan
5 nan
6 nan
7 nan
8 nan
9 nan
10 nan
11 nan
12 nan
13 nan
14 nan
15 nan
16 nan
17 nan
18 nan
19 nan
20 nan
21 nan
22 nan
23 nan
24 nan
25 nan
26 nan
27 nan
28 nan
29 nan
30 nan
31 nan
32 nan
33 nan
34 nan
35 nan
36 nan
37 nan
38 nan
39 nan
40 nan
41 nan
42 nan
43 nan
44 nan
45 nan
46 nan
47 nan
48 nan
49 nan
50 nan
51 nan
52 nan
53 nan
54 nan
55 nan
56 nan
57 nan
58 nan
59 nan
60 nan
61 nan
62 nan
63 nan
64 nan
65 nan
66 nan
67 nan
68 nan
69 nan
70 nan
71 nan
72 nan
73 nan
74 nan
75 nan
76 nan
77 nan
78 nan
79 nan
80 nan
81 nan
82 nan
83 nan
84 nan
85 nan
86 nan
87 nan
88 nan
89 nan
90 nan
91 nan
92 nan
93 nan
94 nan
95 nan
96 nan
97 nan
98 nan
99 nan
100 nan
101 nan
102 nan
103 nan
104 nan
105 nan
106 nan
107 nan
108 nan
109 nan
110 nan
111 nan
112 nan
113 nan
114 nan
115 nan
116 nan
117 nan
118 nan
119 nan
120 nan
121 nan
122 nan
123 nan
124 nan
125 nan
126 nan
127 nan
128 nan
129 nan
130 nan
131 nan
132 nan
133 nan
134 nan
135 nan
136 nan
137 nan
138 nan
139 nan
140 nan
141 nan
142 nan
143 nan
144 nan
145 nan
146 nan
147 nan
148 nan
149 nan
150 nan
151 nan
152 nan
153 nan
154 nan
155 nan
156 nan
157 nan
158 nan
159 nan
160 nan
161 nan
162 nan
163 nan
164 nan
165 nan
166 nan
167 nan
168 nan
169 nan
170 nan
171 nan
172 nan
173 nan
174 nan
175 nan
176 nan
177 nan
178 nan
179 nan
180 nan
181 nan
182 nan
183 nan
184 nan
185 nan
186 nan
187 nan
188 nan
189 nan
190 nan
191 nan
192 nan
193 nan
194 nan
195 nan
196 nan
197 nan
198 nan
199 nan
200 nan
201 nan
202 nan
203 nan
204 nan
205 nan
206 nan
207 nan
208 nan
209 nan
210 nan
211 nan
212 nan
213 nan
214 nan
215 nan
216 nan
217 nan
218 nan
219 nan
220 nan
221 nan
222 nan
223 nan
224 nan
225 nan
226 nan
227 nan
228 nan
229 nan
230 nan
231 nan
232 nan
233 nan
234 nan
235 nan
236 nan
237 nan
238 nan
239 nan
240 nan
241 nan
242 nan
243 nan
244 nan
245 nan
246 nan
247 nan
248 nan
249 nan
250 nan
251 nan
252 nan
253 nan
254 nan
255 nan
256 nan
257 nan
258 nan
259 nan
260 nan
261 nan
262 nan
263 nan
264 nan
265 nan
266 nan
267 nan
268 nan
269 nan
270 nan
271 nan
272 nan
273 nan
274 nan
275 nan
276 nan
277 nan
278 nan
279 nan
280 nan
281 nan
282 nan
283 nan
284 nan
285 nan
286 nan
287 nan
288 nan
289 nan
290 nan
291 nan
292 nan
293 nan
294 nan
295 nan
296 nan
297 nan
298 nan
299 nan
300 nan
301 nan
302 nan
303 nan
304 nan
305 nan
306 nan
307 nan
308 nan
309 nan
310 nan
311 nan
312 nan
313 nan
314 nan
315 nan
316 nan
317 nan
318 nan
319 nan
320 nan
321 nan
322 nan
323 nan
324 nan
325 nan
326 nan
327 nan
328 nan
329 nan
330 nan
331 nan
332 nan
333 nan
334 nan
335 nan
336 nan
337 nan
338 nan
339 nan
340 nan
341 nan
342 nan
343 nan
344 nan
345 nan
346 nan
347 nan
348 nan
349 nan
350 nan
351 nan
352 nan
353 nan
354 nan
355 nan
356 nan
357 nan
358 nan
359 nan
360 nan
361 nan
362 nan
363 nan
364 nan
365 nan
366 nan
367 nan
368 nan
369 nan
370 nan
371 nan
372 nan
373 nan
374 nan
375 nan
376 nan
377 nan
378 nan
379 nan
380 nan
381 nan
382 nan
383 nan
384 nan
385 nan
386 nan
387 nan
388 nan
389 nan
390 nan
391 nan
392 nan
393 nan
394 nan
395 nan
396 nan
397 nan
398 nan
399 nan
400 nan
401 nan
402 nan
403 nan
404 nan
405 nan
406 nan
407 nan
408 nan
409 nan
410 nan
411 nan
412 nan
413 nan
414 nan
415 nan
416 nan
417 nan
418 nan
419 nan
420 nan
421 nan
422 nan
423 nan
424 nan
425 nan
426 nan
427 nan
428 nan
429 nan
430 nan
431 nan
432 nan
433 nan
434 nan
435 nan
436 nan
437 nan
438 nan
439 nan
440 nan
441 nan
442 nan
443 nan
444 nan
445 nan
446 nan
447 nan
448 nan
449 nan
450 nan
451 nan
452 nan
453 nan
454 nan
455 nan
456 nan
457 nan
458 nan
459 nan
460 nan
461 nan
462 nan
463 nan
464 nan
465 nan
466 nan
467 nan
468 nan
469 nan
470 nan
471 nan
472 nan
473 nan
474 nan
475 nan
476 nan
477 nan
478 nan
479 nan
480 nan
481 nan
482 nan
483 nan
484 nan
485 nan
486 nan
487 nan
488 nan
489 nan
490 nan
491 nan
492 nan
493 nan
494 nan
495 nan
496 nan
497 nan
498 nan
499 nan
500 nan
501 nan
502 nan
503 nan
504 nan
505 nan
506 nan
507 nan
508 nan
509 nan
510 nan
511 nan
512 nan
513 nan
514 nan
515 nan
516 nan
517 nan
518 nan
519 nan
520 nan
521 nan
522 nan
523 nan
524 nan
525 nan
526 nan
527 nan
528 nan
529 nan
530 nan
531 nan
532 nan
533 nan
534 nan
535 nan
536 nan
537 nan
538 nan
539 nan
540 nan
541 nan
542 nan
543 nan
544 nan
545 nan
546 nan
547 nan
548 nan
549 nan
550 nan
551 nan
552 nan
553 nan
554 nan
555 nan
556 nan
557 nan
558 nan
559 nan
560 nan
561 nan
562 nan
563 nan
564 nan
565 nan
566 nan
567 nan
568 nan
569 nan
570 nan
571 nan
572 nan
573 nan
574 nan
575 nan
576 nan
577 nan
578 nan
579 nan
580 nan
581 nan
582 nan
583 nan
584 nan
585 nan
586 nan
587 nan
588 nan
589 nan
590 nan
591 nan
592 nan
593 nan
594 nan
595 nan
596 nan
597 nan
598 nan
599 nan
600 nan
601 nan
602 nan
603 nan
604 nan
605 nan
606 nan
607 nan
608 nan
609 nan
610 nan
611 nan
612 nan
613 nan
614 nan
615 nan
616 nan
617 nan
618 nan
619 nan
620 nan
621 nan
622 nan
623 nan
624 nan
625 nan
626 nan
627 nan
628 nan
629 nan
630 nan
631 nan
632 nan
633 nan
634 nan
635 nan
636 nan
637 nan
638 nan
639 nan
640 nan
641 nan
642 nan
643 nan
644 nan
645 nan
646 nan
647 nan
648 nan
649 nan
650 nan
651 nan
652 nan
653 nan
654 nan
655 nan
656 nan
657 nan
658 nan
659 nan
660 nan
661 nan
662 8.9208
663 8.6198
664 9.5543
665 9.1608
666 9.8099
667 9.5177
668 9.1489
669 8.3833
670 8.0223
671 7.8714
672 7.2023
673 6.5044
674 6.4106
675 6.0689
676 5.1951
677 4.8371
678 4.8887
679 4.0729
680 4.6809
681 4.3338
682 3.1208
683 3.3415
684 3.8589
685 2.8556
686 2.1901
687 3.3329
688 3.1654
689 2.1417
690 3.0554
691 2.7157
692 3.8162
693 3.6311
694 4.4508
695 4.0900
696 2.9831
697 2.9919
698 2.2870
699 2.3923
700 2.2979
701 1.5532
702 1.8926
703 2.5652
704 3.3021
705 2.6557
706 2.2004
707 3.4286
708 3.7858
709 3.0247
710 3.3926
711 4.4866
712 4.3653
713 3.8633
714 4.8780
715 5.5342
716 4.9846
717 5.2652
718 6.4097
719 6.3942
720 5.8783
721 6.7753
722 7.6896
723 7.2536
724 7.4219
725 7.6149
726 6.9144
727 7.3659
728 6.8757
729 5.7978
730 5.9371
731 6.1660
732 5.1746
733 4.5242
734 5.0857
735 4.7705
736 3.6316
737 3.6104
738 4.1935
739 3.4788
740 2.8019
741 3.4849
742 3.3514
743 4.0678
744 4.4527
745 5.4644
746 5.9195
747 5.4406
748 5.2481
749 4.2804
750 3.9164
751 4.2894
752 3.9163
753 4.6000
754 4.4329
755 4.2111
756 3.4529
757 3.0343
758 3.1793
759 2.9150
760 2.1455
761 1.8229
762 2.2435
763 2.1091
764 1.1787
765 1.2782
766 2.2170
767 1.9589
768 1.0957
769 1.8943
770 2.6267
771 2.1686
772 1.8383
773 2.8553
774 3.2150
775 2.6704
776 2.6701
777 3.5150
778 3.6774
779 3.3071
780 3.4962
781 4.4670
782 5.4562
783 5.7580
784 6.3239
785 6.7110
786 7.1876
787 7.1494
788 6.9088
789 6.5877
790 5.9394
791 5.5011
792 5.4497
793 5.0302
794 4.3420
795 4.3075
796 4.3101
797 3.5685
798 3.4217
799 3.0503
800 3.5543
801 3.7420
802 4.5685
803 5.1099
804 5.3404
805 6.5330
806 6.7575
807 7.6161
808 6.9641
809 6.7405
810 5.6187
811 5.5214
812 5.9605
813 5.1766
814 4.3058
815 4.9012
816 4.8533
817 3.7322
818 3.6252
819 4.4601
820 4.1140
821 2.9920
822 3.3291
823 3.7228
824 4.9097
825 4.9182
826 4.5808
827 5.5232
828 5.6936
829 5.4859
830 5.2772
831 4.6583
832 5.3303
833 4.9984
834 5.6771
835 5.3055
836 4.4151
837 3.9530
838 3.6304
839 2.9075
840 3.0318
841 2.7831
842 3.4620
843 4.1232
844 3.5781
845 4.2212
846 5.0987
847 4.8915
848 4.6319
849 5.7042
850 6.3911
851 5.5247
852 5.5189
853 6.7520
854 6.3916
855 6.2464
856 5.1836
857 4.3848
858 3.4040
859 2.5826
860 1.4112
861 0.6854
862 0.9655
863 2.2155
864 3.1340
865 4.2173
866 4.3316
867 4.7865
868 4.1076
869 3.2613
870 3.8326
871 3.6628
872 2.6511
873 2.6096
874 3.2861
875 3.5205
876 2.7476
877 2.7551
878 3.9741
879 4.6677
880 5.3313
881 6.3922
882 7.4314
883 8.0997
884 7.2509
885 7.5680
886 6.9194
887 6.9268
888 6.2439
889 5.3272
890 4.9510
891 4.9422
892 5.6355
893 5.3301
894 4.3619
895 3.1941
896 2.4600
897 1.3051
898 1.0070
899 1.4983
900 1.7637
901 1.9676
902 2.6402
903 2.1942
904 1.9956
905 2.9881
906 3.6040
907 3.3891
908 3.7318
909 4.8653
910 5.3837
911 6.5279
912 7.3246
913 8.3195
914 7.5399
915 6.5127
916 5.6484
917 4.6510
918 3.5604
919 2.4836
920 1.6434
921 1.5432
922 1.6615
923 2.6872
924 2.9572
925 4.2586
926 4.3430
927 5.6073
928 6.0502
929 5.2524
930 5.6223
931 4.8912
932 4.8370
933 4.6850
934 5.1144
935 5.4452
936 6.1850
937 6.5382
938 6.3189
939 7.1980
940 7.2047
941 6.7012
942 7.5252
943 8.2087
944 7.7744
945 6.6016
946 5.8156
947 4.8134
948 4.5349
949 3.6337
950 3.4259
951 3.4706
952 2.9018
953 3.1988
954 2.7865
955 2.7396
956 3.1640
957 4.1832
958 4.6508
959 5.6477
960 5.3773
961 5.0879
962 5.4519
963 5.6998
964 5.5527
965 6.1101
966 5.9366
967 4.6783
968 4.4609
969 3.8492
970 3.5192
971 4.2016
972 4.2088
973 4.1649
974 3.5031
975 3.7721
976 3.7527
977 3.7624
978 4.4945
979 4.4029
980 4.7997
981 5.0619
982 4.5258
983 4.6150
984 3.4436
985 3.0446
986 2.2044
987 2.1325
988 2.1223
989 2.5236
990 3.3227
991 3.9259
992 4.8571
993 4.8346
994 4.1877
995 4.5173
996 4.1813
997 2.9315
998 2.7258
999 1.9151
1000 2.5804
1001 2.6501
1002 2.6922
1003 3.4823
1004 4.3840
1005 4.5369
1006 5.6193
1007 5.5265
1008 6.3327
1009 6.5866
1010 6.7790
1011 7.3141
1012 7.7449
1013 7.3715
1014 8.3178
