# resid rmsf(A)  [niraparib, n=520 frames]
1 nan
2 nan
3 nan
4 nan
5 nan
6 nan
7 nan
8 nan
9 nan
10 nan
11 nan
12 nan
13 nan
14 nan
15 nan
16 nan
17 nan
18 nan
19 nan
20 nan
21 nan
22 nan
23 nan
24 nan
25 nan
26 nan
27 nan
28 nan
29 nan
30 nan
31 nan
32 nan
33 nan
34 nan
35 nan
36 nan
37 nan
38 nan
39 nan
40 nan
41 nan
42 nan
43 nan
44 nan
45 nan
46 nan
47 nan
48 nan
49 nan
50 nan
51 nan
52 nan
53 nan
54 nan
55 nan
56 nan
57 nan
58 nan
59 nan
60 nan
61 nan
62 nan
63 nan
64 nan
65 nan
66 nan
67 nan
68 nan
69 nan
70 nan
71 nan
72 nan
73 nan
74 nan
75 nan
76 nan
77 nan
78 nan
79 nan
80 nan
81 nan
82 nan
83 nan
84 nan
85 nan
86 nan
87 nan
88 nan
89 nan
90 nan
91 nan
92 nan
93 nan
94 nan
95 nan
96 nan
97 nan
98 nan
99 nan
100 nan
101 nan
102 nan
103 nan
104 nan
105 nan
106 nan
107 nan
108 nan
109 nan
110 nan
111 nan
112 nan
113 nan
114 nan
115 nan
116 nan
117 nan
118 nan
119 nan
120 nan
121 nan
122 nan
123 nan
124 nan
125 nan
126 nan
127 nan
128 nan
129 nan
130 nan
131 nan
132 nan
133 nan
134 nan
135 nan
136 nan
137 nan
138 nan
139 nan
140 nan
141 nan
142 nan
143 nan
144 nan
145 nan
146 nan
147 nan
148 nan
149 nan
150 nan
151 nan
152 nan
153 nan
154 nan
155 nan
156 nan
157 nan
158 nan
159 nan
160 nan
161 nan
162 nan
163 nan
164 nan
165 nan
166 nan
167 nan
168 nan
169 nan
170 nan
171 nan
172 nan
173 nan
174 nan
175 nan
176 nan
177 nan
178 nan
179 nan
180 nan
181 nan
182 nan
183 nan
184 nan
185 nan
186 nan
187 nan
188 nan
189 nan
190 nan
191 nan
192 nan
193 nan
194 nan
195 nan
196 nan
197 nan
198 nan
199 nan
200 nan
201 nan
202 nan
203 nan
204 nan
205 nan
206 nan
207 nan
208 nan
209 nan
210 nan
211 nan
212 nan
213 nan
214 nan
215 nan
216 nan
217 nan
218 nan
219 nan
220 nan
221 nan
222 nan
223 nan
224 nan
225 nan
226 nan
227 nan
228 nan
229 nan
230 nan
231 nan
232 nan
233 nan
234 nan
235 nan
236 nan
237 nan
238 nan
239 nan
240 nan
241 nan
242 nan
243 nan
244 nan
245 nan
246 nan
247 nan
248 nan
249 nan
250 nan
251 nan
252 nan
253 nan
254 nan
255 nan
256 nan
257 nan
258 nan
259 nan
260 nan
261 nan
262 nan
263 nan
264 nan
265 nan
266 nan
267 nan
268 nan
269 nan
270 nan
271 nan
272 nan
273 nan
274 nan
275 nan
276 nan
277 nan
278 nan
279 nan
280 nan
281 nan
282 nan
283 nan
284 nan
285 nan
286 nan
287 nan
288 nan
289 nan
290 nan
291 nan
292 nan
293 nan
294 nan
295 nan
296 nan
297 nan
298 nan
299 nan
300 nan
301 nan
302 nan
303 nan
304 nan
305 nan
306 nan
307 nan
308 nan
309 nan
310 nan
311 nan
312 nan
313 nan
314 nan
315 nan
316 nan
317 nan
318 nan
319 nan
320 nan
321 nan
322 nan
323 nan
324 nan
325 nan
326 nan
327 nan
328 nan
329 nan
330 nan
331 nan
332 nan
333 nan
334 nan
335 nan
336 nan
337 nan
338 nan
339 nan
340 nan
341 nan
342 nan
343 nan
344 nan
345 nan
346 nan
347 nan
348 nan
349 nan
350 nan
351 nan
352 nan
353 nan
354 nan
355 nan
356 nan
357 nan
358 nan
359 nan
360 nan
361 nan
362 nan
363 nan
364 nan
365 nan
366 nan
367 nan
368 nan
369 nan
370 nan
371 nan
372 nan
373 nan
374 nan
375 nan
376 nan
377 nan
378 nan
379 nan
380 nan
381 nan
382 nan
383 nan
384 nan
385 nan
386 nan
387 nan
388 nan
389 nan
390 nan
391 nan
392 nan
393 nan
394 nan
395 nan
396 nan
397 nan
398 nan
399 nan
400 nan
401 nan
402 nan
403 nan
404 nan
405 nan
406 nan
407 nan
408 nan
409 nan
410 nan
411 nan
412 nan
413 nan
414 nan
415 nan
416 nan
417 nan
418 nan
419 nan
420 nan
421 nan
422 nan
423 nan
424 nan
425 nan
426 nan
427 nan
428 nan
429 nan
430 nan
431 nan
432 nan
433 nan
434 nan
435 nan
436 nan
437 nan
438 nan
439 nan
440 nan
441 nan
442 nan
443 nan
444 nan
445 nan
446 nan
447 nan
448 nan
449 nan
450 nan
451 nan
452 nan
453 nan
454 nan
455 nan
456 nan
457 nan
458 nan
459 nan
460 nan
461 nan
462 nan
463 nan
464 nan
465 nan
466 nan
467 nan
468 nan
469 nan
470 nan
471 nan
472 nan
473 nan
474 nan
475 nan
476 nan
477 nan
478 nan
479 nan
480 nan
481 nan
482 nan
483 nan
484 nan
485 nan
486 nan
487 nan
488 nan
489 nan
490 nan
491 nan
492 nan
493 nan
494 nan
495 nan
496 nan
497 nan
498 nan
499 nan
500 nan
501 nan
502 nan
503 nan
504 nan
505 nan
506 nan
507 nan
508 nan
509 nan
510 nan
511 nan
512 nan
513 nan
514 nan
515 nan
516 nan
517 nan
518 nan
519 nan
520 nan
521 nan
522 nan
523 nan
524 nan
525 nan
526 nan
527 nan
528 nan
529 nan
530 nan
531 nan
532 nan
533 nan
534 nan
535 nan
536 nan
537 nan
538 nan
539 nan
540 nan
541 nan
542 nan
543 nan
544 nan
545 nan
546 nan
547 nan
548 nan
549 nan
550 nan
551 nan
552 nan
553 nan
554 nan
555 nan
556 nan
557 nan
558 nan
559 nan
560 nan
561 nan
562 nan
563 nan
564 nan
565 nan
566 nan
567 nan
568 nan
569 nan
570 nan
571 nan
572 nan
573 nan
574 nan
575 nan
576 nan
577 nan
578 nan
579 nan
580 nan
581 nan
582 nan
583 nan
584 nan
585 nan
586 nan
587 nan
588 nan
589 nan
590 nan
591 nan
592 nan
593 nan
594 nan
595 nan
596 nan
597 nan
598 nan
599 nan
600 nan
601 nan
602 nan
603 nan
604 nan
605 nan
606 nan
607 nan
608 nan
609 nan
610 nan
611 nan
612 nan
613 nan
614 nan
615 nan
616 nan
617 nan
618 nan
619 nan
620 nan
621 nan
622 nan
623 nan
624 nan
625 nan
626 nan
627 nan
628 nan
629 nan
630 nan
631 nan
632 nan
633 nan
634 nan
635 nan
636 nan
637 nan
638 nan
639 nan
640 nan
641 nan
642 nan
643 nan
644 nan
645 nan
646 nan
647 nan
648 nan
649 nan
650 nan
651 nan
652 nan
653 nan
654 nan
655 nan
656 nan
657 nan
658 nan
659 nan
660 nan
661 nan
662 5.8996
663 5.2914
664 5.5050
665 4.8264
666 4.9422
667 4.9742
668 4.4500
669 4.0131
670 4.2494
671 4.1110
672 3.4761
673 3.3716
674 3.6659
675 3.2332
676 2.5285
677 2.7557
678 3.0434
679 2.8401
680 3.1592
681 2.7087
682 2.0418
683 2.3000
684 2.5430
685 1.8997
686 1.6208
687 2.3184
688 2.3873
689 1.8220
690 2.0955
691 1.5528
692 1.9565
693 2.2049
694 2.7416
695 2.3082
696 1.8077
697 2.1581
698 1.8629
699 2.3806
700 2.1674
701 1.5443
702 1.7595
703 1.7744
704 2.2998
705 1.7108
706 1.3633
707 2.1930
708 2.3837
709 1.8822
710 2.2674
711 2.9403
712 2.7928
713 2.7503
714 3.4230
715 3.6750
716 3.4073
717 3.9112
718 4.4979
719 4.3649
720 4.4419
721 5.0963
722 5.4919
723 5.3253
724 4.9336
725 4.7276
726 4.1865
727 4.0663
728 3.9903
729 3.5209
730 3.2319
731 3.2183
732 2.9708
733 2.5408
734 2.4331
735 2.4395
736 1.9910
737 1.6946
738 1.8738
739 1.6132
740 1.2234
741 1.5178
742 1.7887
743 2.4047
744 2.5545
745 2.9855
746 3.2132
747 3.1979
748 2.9342
749 2.5395
750 2.8252
751 3.0023
752 2.9580
753 3.5625
754 4.1893
755 3.9550
756 3.5830
757 3.1608
758 2.9529
759 2.7653
760 2.3812
761 1.8452
762 1.9450
763 1.7581
764 1.2286
765 1.0322
766 1.2854
767 0.9910
768 0.5256
769 1.0633
770 1.2170
771 1.1666
772 1.3341
773 1.7063
774 1.8712
775 2.1232
776 2.3744
777 2.5613
778 2.8989
779 3.3095
780 4.5999
781 4.8276
782 5.8360
783 5.0930
784 5.5910
785 5.9156
786 6.5321
787 5.4693
788 6.0182
789 5.5231
790 5.0160
791 5.1189
792 5.1051
793 4.4285
794 4.2296
795 4.5118
796 4.2512
797 3.6959
798 3.9388
799 3.4498
800 3.5778
801 3.0794
802 3.3519
803 3.3758
804 3.1122
805 3.7988
806 3.8952
807 4.3048
808 3.8081
809 3.5708
810 2.9490
811 2.9677
812 3.2257
813 2.7128
814 2.2417
815 2.7745
816 2.8592
817 2.1693
818 2.2133
819 2.9466
820 2.8554
821 2.3165
822 2.6399
823 3.0926
824 3.8464
825 3.9794
826 3.6225
827 4.2040
828 4.1868
829 3.8426
830 3.6688
831 3.1577
832 3.4073
833 3.0369
834 3.4966
835 3.1783
836 2.5599
837 2.5673
838 2.3962
839 2.3817
840 3.1281
841 3.4989
842 4.0781
843 4.0170
844 3.3723
845 3.3158
846 3.8716
847 3.7297
848 3.2411
849 3.5958
850 4.0427
851 3.5967
852 3.3295
853 3.7959
854 3.6384
855 3.3750
856 2.7600
857 2.2562
858 1.6713
859 1.2065
860 0.7654
861 0.5379
862 0.6156
863 1.1983
864 1.6242
865 2.2648
866 2.6339
867 2.9589
868 2.4553
869 2.2995
870 2.9531
871 2.8866
872 2.3192
873 2.6571
874 3.2650
875 3.2946
876 2.6146
877 2.2636
878 2.5588
879 3.0827
880 3.3468
881 3.3402
882 3.7080
883 4.3921
884 3.9881
885 3.8884
886 3.6605
887 3.6916
888 3.2341
889 2.7083
890 2.7036
891 2.6454
892 2.9098
893 2.9571
894 2.5225
895 1.8891
896 1.3381
897 0.8670
898 1.0212
899 1.4051
900 1.7179
901 1.6348
902 2.1836
903 1.8356
904 1.3545
905 1.9475
906 2.2351
907 1.8994
908 2.2139
909 2.7614
910 3.1389
911 3.8617
912 4.4537
913 4.6534
914 4.1023
915 3.8643
916 3.4408
917 2.7697
918 2.1843
919 1.4769
920 1.1206
921 0.9735
922 1.2116
923 1.4581
924 1.7064
925 2.3896
926 2.5147
927 3.2904
928 3.7052
929 3.3128
930 3.6323
931 3.5549
932 3.5402
933 3.6567
934 3.5401
935 3.2453
936 3.5819
937 3.6209
938 3.8201
939 4.2380
940 4.4415
941 4.2826
942 4.8538
943 5.2625
944 4.9033
945 4.1702
946 3.6119
947 2.9866
948 2.8837
949 2.6640
950 2.6819
951 3.0694
952 2.9330
953 3.4881
954 3.1657
955 2.7475
956 2.6168
957 3.1673
958 3.4032
959 3.7669
960 3.5113
961 3.1313
962 3.0987
963 3.0072
964 2.7735
965 3.2568
966 3.2056
967 2.3740
968 2.5462
969 2.0856
970 2.5360
971 2.8140
972 3.2582
973 3.2229
974 3.1757
975 3.6578
976 3.9774
977 3.7732
978 4.5627
979 4.3541
980 5.1041
981 4.7878
982 3.9840
983 3.7341
984 3.0452
985 3.0384
986 2.4219
987 2.1887
988 1.8617
989 1.7647
990 2.0387
991 2.4116
992 2.9604
993 3.0838
994 2.7022
995 3.1628
996 2.6759
997 2.0894
998 2.0716
999 1.7377
1000 1.7670
1001 1.6759
1002 1.7899
1003 2.0738
1004 2.7009
1005 2.8106
1006 3.4848
1007 3.5062
1008 4.1620
1009 4.3272
1010 5.0064
1011 5.1856
1012 5.5668
1013 5.5184
1014 5.8968
