# resid rmsf(A)  [olaparib, n=520 frames]
1 nan
2 nan
3 nan
4 nan
5 nan
6 nan
7 nan
8 nan
9 nan
10 nan
11 nan
12 nan
13 nan
14 nan
15 nan
16 nan
17 nan
18 nan
19 nan
20 nan
21 nan
22 nan
23 nan
24 nan
25 nan
26 nan
27 nan
28 nan
29 nan
30 nan
31 nan
32 nan
33 nan
34 nan
35 nan
36 nan
37 nan
38 nan
39 nan
40 nan
41 nan
42 nan
43 nan
44 nan
45 nan
46 nan
47 nan
48 nan
49 nan
50 nan
51 nan
52 nan
53 nan
54 nan
55 nan
56 nan
57 nan
58 nan
59 nan
60 nan
61 nan
62 nan
63 nan
64 nan
65 nan
66 nan
67 nan
68 nan
69 nan
70 nan
71 nan
72 nan
73 nan
74 nan
75 nan
76 nan
77 nan
78 nan
79 nan
80 nan
81 nan
82 nan
83 nan
84 nan
85 nan
86 nan
87 nan
88 nan
89 nan
90 nan
91 nan
92 nan
93 nan
94 nan
95 nan
96 nan
97 nan
98 nan
99 nan
100 nan
101 nan
102 nan
103 nan
104 nan
105 nan
106 nan
107 nan
108 nan
109 nan
110 nan
111 nan
112 nan
113 nan
114 nan
115 nan
116 nan
117 nan
118 nan
119 nan
120 nan
121 nan
122 nan
123 nan
124 nan
125 nan
126 nan
127 nan
128 nan
129 nan
130 nan
131 nan
132 nan
133 nan
134 nan
135 nan
136 nan
137 nan
138 nan
139 nan
140 nan
141 nan
142 nan
143 nan
144 nan
145 nan
146 nan
147 nan
148 nan
149 nan
150 nan
151 nan
152 nan
153 nan
154 nan
155 nan
156 nan
157 nan
158 nan
159 nan
160 nan
161 nan
162 nan
163 nan
164 nan
165 nan
166 nan
167 nan
168 nan
169 nan
170 nan
171 nan
172 nan
173 nan
174 nan
175 nan
176 nan
177 nan
178 nan
179 nan
180 nan
181 nan
182 nan
183 nan
184 nan
185 nan
186 nan
187 nan
188 nan
189 nan
190 nan
191 nan
192 nan
193 nan
194 nan
195 nan
196 nan
197 nan
198 nan
199 nan
200 nan
201 nan
202 nan
203 nan
204 nan
205 nan
206 nan
207 nan
208 nan
209 nan
210 nan
211 nan
212 nan
213 nan
214 nan
215 nan
216 nan
217 nan
218 nan
219 nan
220 nan
221 nan
222 nan
223 nan
224 nan
225 nan
226 nan
227 nan
228 nan
229 nan
230 nan
231 nan
232 nan
233 nan
234 nan
235 nan
236 nan
237 nan
238 nan
239 nan
240 nan
241 nan
242 nan
243 nan
244 nan
245 nan
246 nan
247 nan
248 nan
249 nan
250 nan
251 nan
252 nan
253 nan
254 nan
255 nan
256 nan
257 nan
258 nan
259 nan
260 nan
261 nan
262 nan
263 nan
264 nan
265 nan
266 nan
267 nan
268 nan
269 nan
270 nan
271 nan
272 nan
273 nan
274 nan
275 nan
276 nan
277 nan
278 nan
279 nan
280 nan
281 nan
282 nan
283 nan
284 nan
285 nan
286 nan
287 nan
288 nan
289 nan
290 nan
291 nan
292 nan
293 nan
294 nan
295 nan
296 nan
297 nan
298 nan
299 nan
300 nan
301 nan
302 nan
303 nan
304 nan
305 nan
306 nan
307 nan
308 nan
309 nan
310 nan
311 nan
312 nan
313 nan
314 nan
315 nan
316 nan
317 nan
318 nan
319 nan
320 nan
321 nan
322 nan
323 nan
324 nan
325 nan
326 nan
327 nan
328 nan
329 nan
330 nan
331 nan
332 nan
333 nan
334 nan
335 nan
336 nan
337 nan
338 nan
339 nan
340 nan
341 nan
342 nan
343 nan
344 nan
345 nan
346 nan
347 nan
348 nan
349 nan
350 nan
351 nan
352 nan
353 nan
354 nan
355 nan
356 nan
357 nan
358 nan
359 nan
360 nan
361 nan
362 nan
363 nan
364 nan
365 nan
366 nan
367 nan
368 nan
369 nan
370 nan
371 nan
372 nan
373 nan
374 nan
375 nan
376 nan
377 nan
378 nan
379 nan
380 nan
381 nan
382 nan
383 nan
384 nan
385 nan
386 nan
387 nan
388 nan
389 nan
390 nan
391 nan
392 nan
393 nan
394 nan
395 nan
396 nan
397 nan
398 nan
399 nan
400 nan
401 nan
402 nan
403 nan
404 nan
405 nan
406 nan
407 nan
408 nan
409 nan
410 nan
411 nan
412 nan
413 nan
414 nan
415 nan
416 nan
417 nan
418 nan
419 nan
420 nan
421 nan
422 nan
423 nan
424 nan
425 nan
426 nan
427 nan
428 nan
429 nan
430 nan
431 nan
432 nan
433 nan
434 nan
435 nan
436 nan
437 nan
438 nan
439 nan
440 nan
441 nan
442 nan
443 nan
444 nan
445 nan
446 nan
447 nan
448 nan
449 nan
450 nan
451 nan
452 nan
453 nan
454 nan
455 nan
456 nan
457 nan
458 nan
459 nan
460 nan
461 nan
462 nan
463 nan
464 nan
465 nan
466 nan
467 nan
468 nan
469 nan
470 nan
471 nan
472 nan
473 nan
474 nan
475 nan
476 nan
477 nan
478 nan
479 nan
480 nan
481 nan
482 nan
483 nan
484 nan
485 nan
486 nan
487 nan
488 nan
489 nan
490 nan
491 nan
492 nan
493 nan
494 nan
495 nan
496 nan
497 nan
498 nan
499 nan
500 nan
501 nan
502 nan
503 nan
504 nan
505 nan
506 nan
507 nan
508 nan
509 nan
510 nan
511 nan
512 nan
513 nan
514 nan
515 nan
516 nan
517 nan
518 nan
519 nan
520 nan
521 nan
522 nan
523 nan
524 nan
525 nan
526 nan
527 nan
528 nan
529 nan
530 nan
531 nan
532 nan
533 nan
534 nan
535 nan
536 nan
537 nan
538 nan
539 nan
540 nan
541 nan
542 nan
543 nan
544 nan
545 nan
546 nan
547 nan
548 nan
549 nan
550 nan
551 nan
552 nan
553 nan
554 nan
555 nan
556 nan
557 nan
558 nan
559 nan
560 nan
561 nan
562 nan
563 nan
564 nan
565 nan
566 nan
567 nan
568 nan
569 nan
570 nan
571 nan
572 nan
573 nan
574 nan
575 nan
576 nan
577 nan
578 nan
579 nan
580 nan
581 nan
582 nan
583 nan
584 nan
585 nan
586 nan
587 nan
588 nan
589 nan
590 nan
591 nan
592 nan
593 nan
594 nan
595 nan
596 nan
597 nan
598 nan
599 nan
600 nan
601 nan
602 nan
603 nan
604 nan
605 nan
606 nan
607 nan
608 nan
609 nan
610 nan
611 nan
612 nan
613 nan
614 nan
615 nan
616 nan
617 nan
618 nan
619 nan
620 nan
621 nan
622 nan
623 nan
624 nan
625 nan
626 nan
627 nan
628 nan
629 nan
630 nan
631 nan
632 nan
633 nan
634 nan
635 nan
636 nan
637 nan
638 nan
639 nan
640 nan
641 nan
642 nan
643 nan
644 nan
645 nan
646 nan
647 nan
648 nan
649 nan
650 nan
651 nan
652 nan
653 nan
654 nan
655 nan
656 nan
657 nan
658 nan
659 nan
660 nan
661 nan
662 7.7483
663 7.2661
664 7.6722
665 6.9971
666 7.1363
667 6.8801
668 6.1698
669 5.8310
670 5.9887
671 5.6174
672 4.9288
673 4.8588
674 4.9126
675 4.3347
676 3.7261
677 3.8719
678 3.8151
679 3.4224
680 3.6219
681 3.1595
682 2.4521
683 2.5433
684 2.8397
685 2.1008
686 1.6688
687 2.4024
688 2.4265
689 1.7668
690 2.2188
691 1.7023
692 2.2674
693 2.2827
694 2.7846
695 2.2921
696 1.6346
697 2.1226
698 2.0529
699 2.5803
700 2.2251
701 1.6840
702 1.8065
703 1.9356
704 2.2765
705 1.6363
706 1.4532
707 2.3061
708 2.4815
709 2.0562
710 2.4379
711 3.2235
712 3.2577
713 3.2005
714 3.8585
715 4.4046
716 4.3356
717 4.5496
718 5.3597
719 5.5946
720 5.6105
721 6.0244
722 6.8282
723 6.9451
724 6.7507
725 6.8613
726 6.3119
727 5.9401
728 5.5828
729 5.1584
730 4.9291
731 4.5424
732 4.0385
733 3.7585
734 3.6897
735 3.2294
736 2.6716
737 2.6586
738 2.6363
739 1.9771
740 1.5838
741 1.9285
742 2.2471
743 3.0643
744 3.5461
745 4.3009
746 5.0051
747 5.0273
748 4.7622
749 4.0944
750 4.3718
751 4.5002
752 4.0204
753 4.9245
754 4.5912
755 4.2428
756 3.8651
757 3.4688
758 3.1530
759 2.8737
760 2.4709
761 2.0960
762 1.9843
763 1.6456
764 1.0964
765 0.9204
766 1.2824
767 1.0390
768 0.7625
769 1.3423
770 1.6827
771 1.6549
772 1.8088
773 2.4790
774 2.7522
775 2.8333
776 3.1682
777 3.7297
778 3.9469
779 3.9831
780 4.4628
781 5.1086
782 6.1048
783 6.6672
784 7.8121
785 7.5968
786 7.9093
787 7.3496
788 6.6674
789 5.9397
790 5.4697
791 5.7189
792 5.5190
793 4.7797
794 4.6753
795 5.0521
796 4.5865
797 3.8743
798 4.3353
799 3.9553
800 4.3036
801 4.0322
802 4.4191
803 4.4884
804 4.2531
805 4.8928
806 4.6513
807 4.9398
808 4.5026
809 4.0683
810 3.4974
811 3.5482
812 3.6471
813 2.9760
814 2.5876
815 3.0928
816 3.0150
817 2.2280
818 2.4203
819 3.1816
820 2.9397
821 2.3557
822 2.7725
823 3.3152
824 4.2596
825 4.6816
826 4.1709
827 4.7811
828 4.5809
829 4.2678
830 4.0693
831 3.5142
832 3.8385
833 3.5239
834 4.0940
835 3.8520
836 3.3539
837 3.3858
838 3.3228
839 3.1609
840 3.5570
841 3.5450
842 4.3623
843 4.6009
844 3.8074
845 4.0915
846 4.7757
847 4.4221
848 3.9554
849 4.6777
850 4.9137
851 4.1029
852 4.0315
853 4.6240
854 4.1907
855 3.8422
856 3.0818
857 2.7272
858 1.9868
859 1.5243
860 0.7571
861 0.5117
862 0.6014
863 1.3478
864 1.8001
865 2.4655
866 2.7703
867 2.8829
868 2.3078
869 2.2454
870 2.8691
871 2.5575
872 2.1041
873 2.7185
874 3.2416
875 3.0664
876 2.5006
877 2.0138
878 2.6011
879 2.9248
880 3.1399
881 3.7406
882 4.4413
883 4.6222
884 4.2148
885 4.6592
886 4.6693
887 4.7606
888 4.0699
889 3.5604
890 3.6505
891 3.6044
892 3.8084
893 3.3828
894 2.8466
895 2.0036
896 1.5617
897 0.9622
898 1.1117
899 1.2309
900 1.7712
901 1.7025
902 2.3832
903 2.0768
904 1.5132
905 2.2097
906 2.7439
907 2.3118
908 2.5035
909 3.2511
910 3.6643
911 4.5982
912 5.3255
913 5.4013
914 4.6060
915 4.4013
916 3.9247
917 3.0931
918 2.4853
919 1.7451
920 1.3121
921 1.2134
922 1.4355
923 2.0414
924 2.1516
925 2.9191
926 2.8640
927 3.6703
928 4.0520
929 3.6241
930 4.1296
931 3.9668
932 4.2222
933 4.4300
934 4.6431
935 4.4384
936 4.7724
937 4.9631
938 4.8050
939 5.3243
940 5.4116
941 5.0252
942 5.5591
943 5.8563
944 5.5177
945 4.7045
946 4.0389
947 3.3270
948 3.2817
949 2.9858
950 3.1480
951 3.4539
952 3.3987
953 4.0163
954 3.4934
955 2.8525
956 2.5426
957 3.0088
958 2.9788
959 3.3480
960 2.9668
961 2.7963
962 2.7433
963 2.9311
964 2.9928
965 3.7548
966 3.6434
967 2.7754
968 2.4257
969 1.9614
970 1.9856
971 2.2780
972 2.6291
973 3.1241
974 3.2188
975 3.7847
976 4.2277
977 3.9960
978 4.8196
979 4.8115
980 5.5585
981 5.5573
982 4.7927
983 4.6826
984 3.7702
985 3.7526
986 2.8880
987 2.4122
988 2.0629
989 1.9734
990 2.3577
991 2.7448
992 3.3546
993 3.5081
994 3.1348
995 3.6319
996 3.1936
997 2.5227
998 2.6396
999 2.1989
1000 2.3794
1001 2.3089
1002 2.3369
1003 2.6786
1004 3.1403
1005 3.1526
1006 3.8621
1007 3.9273
1008 4.6654
1009 4.9478
1010 5.4343
1011 5.9528
1012 6.0710
1013 5.8099
1014 5.5124
