# resid rmsf(A)  [rucaparib, n=520 frames]
1 nan
2 nan
3 nan
4 nan
5 nan
6 nan
7 nan
8 nan
9 nan
10 nan
11 nan
12 nan
13 nan
14 nan
15 nan
16 nan
17 nan
18 nan
19 nan
20 nan
21 nan
22 nan
23 nan
24 nan
25 nan
26 nan
27 nan
28 nan
29 nan
30 nan
31 nan
32 nan
33 nan
34 nan
35 nan
36 nan
37 nan
38 nan
39 nan
40 nan
41 nan
42 nan
43 nan
44 nan
45 nan
46 nan
47 nan
48 nan
49 nan
50 nan
51 nan
52 nan
53 nan
54 nan
55 nan
56 nan
57 nan
58 nan
59 nan
60 nan
61 nan
62 nan
63 nan
64 nan
65 nan
66 nan
67 nan
68 nan
69 nan
70 nan
71 nan
72 nan
73 nan
74 nan
75 nan
76 nan
77 nan
78 nan
79 nan
80 nan
81 nan
82 nan
83 nan
84 nan
85 nan
86 nan
87 nan
88 nan
89 nan
90 nan
91 nan
92 nan
93 nan
94 nan
95 nan
96 nan
97 nan
98 nan
99 nan
100 nan
101 nan
102 nan
103 nan
104 nan
105 nan
106 nan
107 nan
108 nan
109 nan
110 nan
111 nan
112 nan
113 nan
114 nan
115 nan
116 nan
117 nan
118 nan
119 nan
120 nan
121 nan
122 nan
123 nan
124 nan
125 nan
126 nan
127 nan
128 nan
129 nan
130 nan
131 nan
132 nan
133 nan
134 nan
135 nan
136 nan
137 nan
138 nan
139 nan
140 nan
141 nan
142 nan
143 nan
144 nan
145 nan
146 nan
147 nan
148 nan
149 nan
150 nan
151 nan
152 nan
153 nan
154 nan
155 nan
156 nan
157 nan
158 nan
159 nan
160 nan
161 nan
162 nan
163 nan
164 nan
165 nan
166 nan
167 nan
168 nan
169 nan
170 nan
171 nan
172 nan
173 nan
174 nan
175 nan
176 nan
177 nan
178 nan
179 nan
180 nan
181 nan
182 nan
183 nan
184 nan
185 nan
186 nan
187 nan
188 nan
189 nan
190 nan
191 nan
192 nan
193 nan
194 nan
195 nan
196 nan
197 nan
198 nan
199 nan
200 nan
201 nan
202 nan
203 nan
204 nan
205 nan
206 nan
207 nan
208 nan
209 nan
210 nan
211 nan
212 nan
213 nan
214 nan
215 nan
216 nan
217 nan
218 nan
219 nan
220 nan
221 nan
222 nan
223 nan
224 nan
225 nan
226 nan
227 nan
228 nan
229 nan
230 nan
231 nan
232 nan
233 nan
234 nan
235 nan
236 nan
237 nan
238 nan
239 nan
240 nan
241 nan
242 nan
243 nan
244 nan
245 nan
246 nan
247 nan
248 nan
249 nan
250 nan
251 nan
252 nan
253 nan
254 nan
255 nan
256 nan
257 nan
258 nan
259 nan
260 nan
261 nan
262 nan
263 nan
264 nan
265 nan
266 nan
267 nan
268 nan
269 nan
270 nan
271 nan
272 nan
273 nan
274 nan
275 nan
276 nan
277 nan
278 nan
279 nan
280 nan
281 nan
282 nan
283 nan
284 nan
285 nan
286 nan
287 nan
288 nan
289 nan
290 nan
291 nan
292 nan
293 nan
294 nan
295 nan
296 nan
297 nan
298 nan
299 nan
300 nan
301 nan
302 nan
303 nan
304 nan
305 nan
306 nan
307 nan
308 nan
309 nan
310 nan
311 nan
312 nan
313 nan
314 nan
315 nan
316 nan
317 nan
318 nan
319 nan
320 nan
321 nan
322 nan
323 nan
324 nan
325 nan
326 nan
327 nan
328 nan
329 nan
330 nan
331 nan
332 nan
333 nan
334 nan
335 nan
336 nan
337 nan
338 nan
339 nan
340 nan
341 nan
342 nan
343 nan
344 nan
345 nan
346 nan
347 nan
348 nan
349 nan
350 nan
351 nan
352 nan
353 nan
354 nan
355 nan
356 nan
357 nan
358 nan
359 nan
360 nan
361 nan
362 nan
363 nan
364 nan
365 nan
366 nan
367 nan
368 nan
369 nan
370 nan
371 nan
372 nan
373 nan
374 nan
375 nan
376 nan
377 nan
378 nan
379 nan
380 nan
381 nan
382 nan
383 nan
384 nan
385 nan
386 nan
387 nan
388 nan
389 nan
390 nan
391 nan
392 nan
393 nan
394 nan
395 nan
396 nan
397 nan
398 nan
399 nan
400 nan
401 nan
402 nan
403 nan
404 nan
405 nan
406 nan
407 nan
408 nan
409 nan
410 nan
411 nan
412 nan
413 nan
414 nan
415 nan
416 nan
417 nan
418 nan
419 nan
420 nan
421 nan
422 nan
423 nan
424 nan
425 nan
426 nan
427 nan
428 nan
429 nan
430 nan
431 nan
432 nan
433 nan
434 nan
435 nan
436 nan
437 nan
438 nan
439 nan
440 nan
441 nan
442 nan
443 nan
444 nan
445 nan
446 nan
447 nan
448 nan
449 nan
450 nan
451 nan
452 nan
453 nan
454 nan
455 nan
456 nan
457 nan
458 nan
459 nan
460 nan
461 nan
462 nan
463 nan
464 nan
465 nan
466 nan
467 nan
468 nan
469 nan
470 nan
471 nan
472 nan
473 nan
474 nan
475 nan
476 nan
477 nan
478 nan
479 nan
480 nan
481 nan
482 nan
483 nan
484 nan
485 nan
486 nan
487 nan
488 nan
489 nan
490 nan
491 nan
492 nan
493 nan
494 nan
495 nan
496 nan
497 nan
498 nan
499 nan
500 nan
501 nan
502 nan
503 nan
504 nan
505 nan
506 nan
507 nan
508 nan
509 nan
510 nan
511 nan
512 nan
513 nan
514 nan
515 nan
516 nan
517 nan
518 nan
519 nan
520 nan
521 nan
522 nan
523 nan
524 nan
525 nan
526 nan
527 nan
528 nan
529 nan
530 nan
531 nan
532 nan
533 nan
534 nan
535 nan
536 nan
537 nan
538 nan
539 nan
540 nan
541 nan
542 nan
543 nan
544 nan
545 nan
546 nan
547 nan
548 nan
549 nan
550 nan
551 nan
552 nan
553 nan
554 nan
555 nan
556 nan
557 nan
558 nan
559 nan
560 nan
561 nan
562 nan
563 nan
564 nan
565 nan
566 nan
567 nan
568 nan
569 nan
570 nan
571 nan
572 nan
573 nan
574 nan
575 nan
576 nan
577 nan
578 nan
579 nan
580 nan
581 nan
582 nan
583 nan
584 nan
585 nan
586 nan
587 nan
588 nan
589 nan
590 nan
591 nan
592 nan
593 nan
594 nan
595 nan
596 nan
597 nan
598 nan
599 nan
600 nan
601 nan
602 nan
603 nan
604 nan
605 nan
606 nan
607 nan
608 nan
609 nan
610 nan
611 nan
612 nan
613 nan
614 nan
615 nan
616 nan
617 nan
618 nan
619 nan
620 nan
621 nan
622 nan
623 nan
624 nan
625 nan
626 nan
627 nan
628 nan
629 nan
630 nan
631 nan
632 nan
633 nan
634 nan
635 nan
636 nan
637 nan
638 nan
639 nan
640 nan
641 nan
642 nan
643 nan
644 nan
645 nan
646 nan
647 nan
648 nan
649 nan
650 nan
651 nan
652 nan
653 nan
654 nan
655 nan
656 nan
657 nan
658 nan
659 nan
660 nan
661 nan
662 5.7572
663 5.3132
664 5.7392
665 5.3225
666 5.5907
667 5.4726
668 5.1264
669 4.6995
670 4.6249
671 4.4496
672 3.9700
673 3.6896
674 3.7126
675 3.3386
676 2.8371
677 2.7849
678 2.8405
679 2.6025
680 2.9014
681 2.5262
682 1.8795
683 2.1244
684 2.3693
685 1.7370
686 1.4177
687 2.0964
688 2.0797
689 1.5020
690 1.9440
691 1.6408
692 2.3224
693 2.4436
694 3.0545
695 2.7252
696 2.0859
697 2.2880
698 1.9446
699 2.3740
700 2.1490
701 1.5001
702 1.7620
703 1.8500
704 2.1225
705 1.7115
706 1.4008
707 2.0383
708 2.2238
709 1.7952
710 2.0613
711 2.6561
712 2.5548
713 2.4295
714 3.1082
715 3.3861
716 3.0841
717 3.4543
718 4.1699
719 4.1047
720 3.9765
721 4.6039
722 5.0924
723 4.9622
724 4.7773
725 4.7354
726 4.3680
727 4.3296
728 4.0104
729 3.5437
730 3.5116
731 3.4236
732 2.9491
733 2.7065
734 2.8388
735 2.5586
736 2.0917
737 2.1269
738 2.3688
739 1.9711
740 1.5535
741 1.8919
742 2.1125
743 2.6284
744 3.1417
745 3.7237
746 4.1545
747 4.0070
748 3.6042
749 2.9790
750 3.0578
751 3.0655
752 2.7302
753 3.3410
754 3.3824
755 3.3339
756 3.1895
757 2.6367
758 2.4375
759 2.5450
760 2.1560
761 1.6463
762 1.8471
763 1.7990
764 1.1806
765 0.9749
766 1.4833
767 1.2348
768 0.7326
769 1.3669
770 1.6588
771 1.3163
772 1.3703
773 1.8757
774 1.9930
775 1.9864
776 2.2770
777 2.6367
778 2.7539
779 2.9752
780 3.3837
781 4.7270
782 4.8109
783 4.7786
784 4.9215
785 5.3220
786 5.8304
787 5.2137
788 6.3224
789 5.9847
790 5.3805
791 5.3668
792 5.5604
793 4.9982
794 4.5139
795 4.8173
796 4.6674
797 3.9201
798 4.1122
799 3.5530
800 3.7017
801 3.4462
802 3.6299
803 3.8070
804 3.7562
805 4.6160
806 4.6150
807 4.9638
808 4.4561
809 4.1691
810 3.3906
811 3.4189
812 3.7504
813 3.1473
814 2.6354
815 3.1953
816 3.2970
817 2.5242
818 2.6020
819 3.3884
820 3.3257
821 2.7083
822 3.0222
823 3.6527
824 4.3408
825 4.4444
826 3.9998
827 5.4577
828 4.9676
829 4.5030
830 4.3371
831 3.7159
832 3.9354
833 3.4720
834 3.9780
835 3.6931
836 3.0443
837 2.9172
838 2.7396
839 2.5974
840 3.0602
841 3.2224
842 4.0154
843 4.3830
844 3.6440
845 3.8265
846 4.5322
847 4.3301
848 3.8543
849 4.5317
850 4.8711
851 4.1398
852 4.0599
853 4.7771
854 4.4390
855 4.1768
856 3.4175
857 2.8385
858 2.1050
859 1.5174
860 0.9088
861 0.4822
862 0.6332
863 1.3695
864 1.9886
865 2.7314
866 3.0825
867 3.4390
868 2.9768
869 2.6520
870 3.3048
871 3.2214
872 2.5420
873 2.8128
874 3.5254
875 3.5649
876 2.8422
877 2.3669
878 2.8926
879 3.5717
880 3.6505
881 4.2889
882 4.8609
883 5.1215
884 4.3879
885 4.4797
886 4.4330
887 4.6361
888 4.0424
889 3.3584
890 3.2114
891 3.3027
892 3.6305
893 3.5198
894 2.9903
895 2.2830
896 1.7051
897 1.0516
898 1.0602
899 1.4234
900 1.7678
901 1.7657
902 2.3315
903 2.1162
904 1.6377
905 2.2527
906 2.6834
907 2.3080
908 2.4680
909 3.2022
910 3.6960
911 4.5362
912 5.3309
913 5.5635
914 4.8173
915 4.4865
916 3.9544
917 3.1294
918 2.5014
919 1.7231
920 1.2652
921 1.0438
922 1.3230
923 1.8700
924 2.1007
925 2.9435
926 3.0139
927 3.9296
928 4.3445
929 3.7951
930 4.1356
931 3.9054
932 3.9206
933 4.0211
934 4.0550
935 3.8434
936 4.2515
937 4.4792
938 4.4631
939 4.9800
940 5.1565
941 4.9055
942 5.5740
943 6.0786
944 5.7451
945 4.8379
946 4.2086
947 3.4464
948 3.2237
949 2.8830
950 2.8767
951 3.1967
952 3.0581
953 3.7164
954 3.3897
955 3.0023
956 2.9521
957 3.7057
958 3.7931
959 4.4097
960 3.8940
961 3.3788
962 3.4069
963 3.2971
964 3.0822
965 3.6777
966 3.6235
967 2.7774
968 2.6756
969 2.3109
970 2.4987
971 2.9477
972 3.4048
973 3.6729
974 3.5811
975 4.1421
976 4.3713
977 4.0920
978 4.8684
979 4.6058
980 5.1258
981 4.9484
982 4.1897
983 3.9882
984 3.2670
985 3.2544
986 2.5422
987 2.2483
988 1.9911
989 1.9853
990 2.4001
991 2.8561
992 3.4730
993 3.6354
994 3.2523
995 3.6500
996 3.1899
997 2.4512
998 2.3785
999 1.8805
1000 1.9826
1001 1.9402
1002 2.0624
1003 2.4575
1004 3.0511
1005 3.1871
1006 3.9911
1007 4.0779
1008 4.8200
1009 5.0547
1010 5.4833
1011 5.7271
1012 5.7313
1013 5.2839
1014 5.5740
