# resid rmsf(A)  [talazoparib, n=520 frames]
1 nan
2 nan
3 nan
4 nan
5 nan
6 nan
7 nan
8 nan
9 nan
10 nan
11 nan
12 nan
13 nan
14 nan
15 nan
16 nan
17 nan
18 nan
19 nan
20 nan
21 nan
22 nan
23 nan
24 nan
25 nan
26 nan
27 nan
28 nan
29 nan
30 nan
31 nan
32 nan
33 nan
34 nan
35 nan
36 nan
37 nan
38 nan
39 nan
40 nan
41 nan
42 nan
43 nan
44 nan
45 nan
46 nan
47 nan
48 nan
49 nan
50 nan
51 nan
52 nan
53 nan
54 nan
55 nan
56 nan
57 nan
58 nan
59 nan
60 nan
61 nan
62 nan
63 nan
64 nan
65 nan
66 nan
67 nan
68 nan
69 nan
70 nan
71 nan
72 nan
73 nan
74 nan
75 nan
76 nan
77 nan
78 nan
79 nan
80 nan
81 nan
82 nan
83 nan
84 nan
85 nan
86 nan
87 nan
88 nan
89 nan
90 nan
91 nan
92 nan
93 nan
94 nan
95 nan
96 nan
97 nan
98 nan
99 nan
100 nan
101 nan
102 nan
103 nan
104 nan
105 nan
106 nan
107 nan
108 nan
109 nan
110 nan
111 nan
112 nan
113 nan
114 nan
115 nan
116 nan
117 nan
118 nan
119 nan
120 nan
121 nan
122 nan
123 nan
124 nan
125 nan
126 nan
127 nan
128 nan
129 nan
130 nan
131 nan
132 nan
133 nan
134 nan
135 nan
136 nan
137 nan
138 nan
139 nan
140 nan
141 nan
142 nan
143 nan
144 nan
145 nan
146 nan
147 nan
148 nan
149 nan
150 nan
151 nan
152 nan
153 nan
154 nan
155 nan
156 nan
157 nan
158 nan
159 nan
160 nan
161 nan
162 nan
163 nan
164 nan
165 nan
166 nan
167 nan
168 nan
169 nan
170 nan
171 nan
172 nan
173 nan
174 nan
175 nan
176 nan
177 nan
178 nan
179 nan
180 nan
181 nan
182 nan
183 nan
184 nan
185 nan
186 nan
187 nan
188 nan
189 nan
190 nan
191 nan
192 nan
193 nan
194 nan
195 nan
196 nan
197 nan
198 nan
199 nan
200 nan
201 nan
202 nan
203 nan
204 nan
205 nan
206 nan
207 nan
208 nan
209 nan
210 nan
211 nan
212 nan
213 nan
214 nan
215 nan
216 nan
217 nan
218 nan
219 nan
220 nan
221 nan
222 nan
223 nan
224 nan
225 nan
226 nan
227 nan
228 nan
229 nan
230 nan
231 nan
232 nan
233 nan
234 nan
235 nan
236 nan
237 nan
238 nan
239 nan
240 nan
241 nan
242 nan
243 nan
244 nan
245 nan
246 nan
247 nan
248 nan
249 nan
250 nan
251 nan
252 nan
253 nan
254 nan
255 nan
256 nan
257 nan
258 nan
259 nan
260 nan
261 nan
262 nan
263 nan
264 nan
265 nan
266 nan
267 nan
268 nan
269 nan
270 nan
271 nan
272 nan
273 nan
274 nan
275 nan
276 nan
277 nan
278 nan
279 nan
280 nan
281 nan
282 nan
283 nan
284 nan
285 nan
286 nan
287 nan
288 nan
289 nan
290 nan
291 nan
292 nan
293 nan
294 nan
295 nan
296 nan
297 nan
298 nan
299 nan
300 nan
301 nan
302 nan
303 nan
304 nan
305 nan
306 nan
307 nan
308 nan
309 nan
310 nan
311 nan
312 nan
313 nan
314 nan
315 nan
316 nan
317 nan
318 nan
319 nan
320 nan
321 nan
322 nan
323 nan
324 nan
325 nan
326 nan
327 nan
328 nan
329 nan
330 nan
331 nan
332 nan
333 nan
334 nan
335 nan
336 nan
337 nan
338 nan
339 nan
340 nan
341 nan
342 nan
343 nan
344 nan
345 nan
346 nan
347 nan
348 nan
349 nan
350 nan
351 nan
352 nan
353 nan
354 nan
355 nan
356 nan
357 nan
358 nan
359 nan
360 nan
361 nan
362 nan
363 nan
364 nan
365 nan
366 nan
367 nan
368 nan
369 nan
370 nan
371 nan
372 nan
373 nan
374 nan
375 nan
376 nan
377 nan
378 nan
379 nan
380 nan
381 nan
382 nan
383 nan
384 nan
385 nan
386 nan
387 nan
388 nan
389 nan
390 nan
391 nan
392 nan
393 nan
394 nan
395 nan
396 nan
397 nan
398 nan
399 nan
400 nan
401 nan
402 nan
403 nan
404 nan
405 nan
406 nan
407 nan
408 nan
409 nan
410 nan
411 nan
412 nan
413 nan
414 nan
415 nan
416 nan
417 nan
418 nan
419 nan
420 nan
421 nan
422 nan
423 nan
424 nan
425 nan
426 nan
427 nan
428 nan
429 nan
430 nan
431 nan
432 nan
433 nan
434 nan
435 nan
436 nan
437 nan
438 nan
439 nan
440 nan
441 nan
442 nan
443 nan
444 nan
445 nan
446 nan
447 nan
448 nan
449 nan
450 nan
451 nan
452 nan
453 nan
454 nan
455 nan
456 nan
457 nan
458 nan
459 nan
460 nan
461 nan
462 nan
463 nan
464 nan
465 nan
466 nan
467 nan
468 nan
469 nan
470 nan
471 nan
472 nan
473 nan
474 nan
475 nan
476 nan
477 nan
478 nan
479 nan
480 nan
481 nan
482 nan
483 nan
484 nan
485 nan
486 nan
487 nan
488 nan
489 nan
490 nan
491 nan
492 nan
493 nan
494 nan
495 nan
496 nan
497 nan
498 nan
499 nan
500 nan
501 nan
502 nan
503 nan
504 nan
505 nan
506 nan
507 nan
508 nan
509 nan
510 nan
511 nan
512 nan
513 nan
514 nan
515 nan
516 nan
517 nan
518 nan
519 nan
520 nan
521 nan
522 nan
523 nan
524 nan
525 nan
526 nan
527 nan
528 nan
529 nan
530 nan
531 nan
532 nan
533 nan
534 nan
535 nan
536 nan
537 nan
538 nan
539 nan
540 nan
541 nan
542 nan
543 nan
544 nan
545 nan
546 nan
547 nan
548 nan
549 nan
550 nan
551 nan
552 nan
553 nan
554 nan
555 nan
556 nan
557 nan
558 nan
559 nan
560 nan
561 nan
562 nan
563 nan
564 nan
565 nan
566 nan
567 nan
568 nan
569 nan
570 nan
571 nan
572 nan
573 nan
574 nan
575 nan
576 nan
577 nan
578 nan
579 nan
580 nan
581 nan
582 nan
583 nan
584 nan
585 nan
586 nan
587 nan
588 nan
589 nan
590 nan
591 nan
592 nan
593 nan
594 nan
595 nan
596 nan
597 nan
598 nan
599 nan
600 nan
601 nan
602 nan
603 nan
604 nan
605 nan
606 nan
607 nan
608 nan
609 nan
610 nan
611 nan
612 nan
613 nan
614 nan
615 nan
616 nan
617 nan
618 nan
619 nan
620 nan
621 nan
622 nan
623 nan
624 nan
625 nan
626 nan
627 nan
628 nan
629 nan
630 nan
631 nan
632 nan
633 nan
634 nan
635 nan
636 nan
637 nan
638 nan
639 nan
640 nan
641 nan
642 nan
643 nan
644 nan
645 nan
646 nan
647 nan
648 nan
649 nan
650 nan
651 nan
652 nan
653 nan
654 nan
655 nan
656 nan
657 nan
658 nan
659 nan
660 nan
661 nan
662 6.9232
663 6.5081
664 6.7806
665 6.0654
666 5.7798
667 5.2978
668 4.6744
669 4.8350
670 4.9452
671 4.2601
672 3.8745
673 4.1684
674 3.9879
675 3.2333
676 3.0317
677 3.4010
678 3.1314
679 3.1574
680 3.1147
681 2.2950
682 1.9438
683 2.3750
684 2.3367
685 1.5475
686 1.6456
687 2.5118
688 2.3859
689 2.0780
690 2.7571
691 2.2645
692 2.9742
693 3.0806
694 3.8331
695 3.2727
696 2.5728
697 2.8400
698 2.3995
699 3.2666
700 3.0356
701 2.2440
702 2.4179
703 2.3726
704 2.3003
705 1.5649
706 1.2709
707 2.0358
708 1.8266
709 1.5291
710 2.1314
711 2.6047
712 2.6099
713 2.9754
714 3.5091
715 3.6318
716 3.9327
717 4.4343
718 4.7196
719 4.8693
720 5.3263
721 5.6817
722 5.9535
723 6.2468
724 5.8202
725 6.0806
726 5.7962
727 5.5126
728 4.7945
729 4.4196
730 4.5057
731 4.0088
732 3.3611
733 3.3884
734 3.4265
735 2.7331
736 2.2589
737 2.5479
738 2.5637
739 1.8025
740 1.5328
741 2.2837
742 2.8085
743 3.5173
744 4.2254
745 4.9905
746 6.0732
747 5.5625
748 5.1383
749 4.2748
750 4.4662
751 4.4105
752 3.9969
753 4.8943
754 5.5731
755 5.2164
756 4.8354
757 4.1563
758 3.6981
759 3.6788
760 3.0901
761 2.3868
762 2.3937
763 2.1984
764 1.4191
765 1.1579
766 1.7176
767 1.1618
768 0.8002
769 1.5945
770 1.9425
771 1.7243
772 2.2390
773 2.9942
774 3.0144
775 3.2218
776 3.7154
777 4.3612
778 4.6189
779 5.5018
780 5.9809
781 6.6414
782 7.0930
783 7.2153
784 7.7773
785 8.0684
786 8.0962
787 7.2759
788 8.2197
789 7.7001
790 6.9230
791 7.1180
792 7.3472
793 6.4837
794 6.0313
795 6.5838
796 6.3862
797 5.3489
798 5.6652
799 4.9820
800 5.1086
801 4.5892
802 4.6458
803 4.3404
804 3.7508
805 4.0933
806 3.7729
807 3.9753
808 3.7428
809 3.4709
810 3.0606
811 2.7832
812 2.7445
813 2.4330
814 1.8998
815 2.2270
816 2.3665
817 1.8843
818 1.8962
819 2.7056
820 2.8096
821 2.6261
822 3.0825
823 4.4648
824 5.7601
825 6.2631
826 4.9878
827 5.5823
828 5.2981
829 4.5972
830 3.9873
831 3.2094
832 3.1950
833 2.8637
834 3.6184
835 3.5205
836 3.0050
837 3.4148
838 3.4942
839 3.6217
840 4.2779
841 4.4165
842 5.3499
843 5.4191
844 4.4435
845 4.7780
846 5.5298
847 4.8644
848 4.3825
849 5.2953
850 5.3869
851 4.5154
852 4.7930
853 5.5563
854 4.9944
855 4.9185
856 4.1539
857 3.5250
858 2.6951
859 2.0078
860 1.1780
861 0.4928
862 0.7368
863 1.5874
864 2.3673
865 3.3099
866 3.7485
867 4.2606
868 3.5106
869 3.3471
870 4.2389
871 3.9059
872 3.1849
873 3.7697
874 4.4904
875 4.0442
876 3.2343
877 2.4051
878 2.3842
879 2.1771
880 2.4572
881 3.0684
882 3.3279
883 3.5659
884 3.1733
885 3.3104
886 3.2534
887 3.7427
888 3.5910
889 2.9313
890 3.2634
891 3.0301
892 2.7774
893 2.2991
894 1.9598
895 1.4313
896 1.2324
897 0.9459
898 1.3896
899 1.7050
900 1.9982
901 1.7019
902 2.5128
903 2.2657
904 1.6918
905 2.4063
906 2.9491
907 2.5490
908 2.9293
909 3.7624
910 4.3103
911 5.6601
912 6.0205
913 6.4701
914 5.8145
915 4.9710
916 4.3262
917 3.4718
918 2.7949
919 1.8449
920 1.5771
921 1.2710
922 1.7945
923 2.4365
924 2.4349
925 3.3388
926 3.3298
927 4.3314
928 4.7722
929 4.2222
930 4.4554
931 4.5927
932 4.6657
933 5.0399
934 4.9156
935 4.3191
936 4.3515
937 4.1772
938 3.8013
939 3.8753
940 4.1274
941 4.2269
942 5.3272
943 5.9085
944 5.8125
945 4.8681
946 4.0947
947 3.3384
948 3.3135
949 3.3578
950 3.5589
951 4.1962
952 4.0453
953 4.7825
954 4.1569
955 3.5810
956 3.1884
957 3.9487
958 4.2662
959 4.6339
960 3.7506
961 3.2976
962 3.5200
963 4.0662
964 4.4950
965 5.4206
966 5.0236
967 3.8664
968 3.3413
969 2.5745
970 2.3841
971 2.3341
972 3.0955
973 3.4543
974 3.7079
975 4.5492
976 5.1155
977 4.9854
978 5.9897
979 5.9093
980 6.6604
981 6.5351
982 5.5954
983 5.1999
984 4.3405
985 4.3189
986 3.3738
987 2.9810
988 2.4432
989 2.1566
990 2.0812
991 2.3003
992 2.5615
993 2.9088
994 2.8426
995 3.5590
996 3.1718
997 2.6772
998 3.0429
999 2.6091
1000 2.7302
1001 2.4343
1002 2.4687
1003 2.4252
1004 3.1472
1005 3.1120
1006 3.8632
1007 4.0648
1008 4.6938
1009 5.3362
1010 5.9847
1011 7.0432
1012 7.8368
1013 8.6194
1014 9.9318
