# resid rmsf(A)  [veliparib, n=517 frames]
1 nan
2 nan
3 nan
4 nan
5 nan
6 nan
7 nan
8 nan
9 nan
10 nan
11 nan
12 nan
13 nan
14 nan
15 nan
16 nan
17 nan
18 nan
19 nan
20 nan
21 nan
22 nan
23 nan
24 nan
25 nan
26 nan
27 nan
28 nan
29 nan
30 nan
31 nan
32 nan
33 nan
34 nan
35 nan
36 nan
37 nan
38 nan
39 nan
40 nan
41 nan
42 nan
43 nan
44 nan
45 nan
46 nan
47 nan
48 nan
49 nan
50 nan
51 nan
52 nan
53 nan
54 nan
55 nan
56 nan
57 nan
58 nan
59 nan
60 nan
61 nan
62 nan
63 nan
64 nan
65 nan
66 nan
67 nan
68 nan
69 nan
70 nan
71 nan
72 nan
73 nan
74 nan
75 nan
76 nan
77 nan
78 nan
79 nan
80 nan
81 nan
82 nan
83 nan
84 nan
85 nan
86 nan
87 nan
88 nan
89 nan
90 nan
91 nan
92 nan
93 nan
94 nan
95 nan
96 nan
97 nan
98 nan
99 nan
100 nan
101 nan
102 nan
103 nan
104 nan
105 nan
106 nan
107 nan
108 nan
109 nan
110 nan
111 nan
112 nan
113 nan
114 nan
115 nan
116 nan
117 nan
118 nan
119 nan
120 nan
121 nan
122 nan
123 nan
124 nan
125 nan
126 nan
127 nan
128 nan
129 nan
130 nan
131 nan
132 nan
133 nan
134 nan
135 nan
136 nan
137 nan
138 nan
139 nan
140 nan
141 nan
142 nan
143 nan
144 nan
145 nan
146 nan
147 nan
148 nan
149 nan
150 nan
151 nan
152 nan
153 nan
154 nan
155 nan
156 nan
157 nan
158 nan
159 nan
160 nan
161 nan
162 nan
163 nan
164 nan
165 nan
166 nan
167 nan
168 nan
169 nan
170 nan
171 nan
172 nan
173 nan
174 nan
175 nan
176 nan
177 nan
178 nan
179 nan
180 nan
181 nan
182 nan
183 nan
184 nan
185 nan
186 nan
187 nan
188 nan
189 nan
190 nan
191 nan
192 nan
193 nan
194 nan
195 nan
196 nan
197 nan
198 nan
199 nan
200 nan
201 nan
202 nan
203 nan
204 nan
205 nan
206 nan
207 nan
208 nan
209 nan
210 nan
211 nan
212 nan
213 nan
214 nan
215 nan
216 nan
217 nan
218 nan
219 nan
220 nan
221 nan
222 nan
223 nan
224 nan
225 nan
226 nan
227 nan
228 nan
229 nan
230 nan
231 nan
232 nan
233 nan
234 nan
235 nan
236 nan
237 nan
238 nan
239 nan
240 nan
241 nan
242 nan
243 nan
244 nan
245 nan
246 nan
247 nan
248 nan
249 nan
250 nan
251 nan
252 nan
253 nan
254 nan
255 nan
256 nan
257 nan
258 nan
259 nan
260 nan
261 nan
262 nan
263 nan
264 nan
265 nan
266 nan
267 nan
268 nan
269 nan
270 nan
271 nan
272 nan
273 nan
274 nan
275 nan
276 nan
277 nan
278 nan
279 nan
280 nan
281 nan
282 nan
283 nan
284 nan
285 nan
286 nan
287 nan
288 nan
289 nan
290 nan
291 nan
292 nan
293 nan
294 nan
295 nan
296 nan
297 nan
298 nan
299 nan
300 nan
301 nan
302 nan
303 nan
304 nan
305 nan
306 nan
307 nan
308 nan
309 nan
310 nan
311 nan
312 nan
313 nan
314 nan
315 nan
316 nan
317 nan
318 nan
319 nan
320 nan
321 nan
322 nan
323 nan
324 nan
325 nan
326 nan
327 nan
328 nan
329 nan
330 nan
331 nan
332 nan
333 nan
334 nan
335 nan
336 nan
337 nan
338 nan
339 nan
340 nan
341 nan
342 nan
343 nan
344 nan
345 nan
346 nan
347 nan
348 nan
349 nan
350 nan
351 nan
352 nan
353 nan
354 nan
355 nan
356 nan
357 nan
358 nan
359 nan
360 nan
361 nan
362 nan
363 nan
364 nan
365 nan
366 nan
367 nan
368 nan
369 nan
370 nan
371 nan
372 nan
373 nan
374 nan
375 nan
376 nan
377 nan
378 nan
379 nan
380 nan
381 nan
382 nan
383 nan
384 nan
385 nan
386 nan
387 nan
388 nan
389 nan
390 nan
391 nan
392 nan
393 nan
394 nan
395 nan
396 nan
397 nan
398 nan
399 nan
400 nan
401 nan
402 nan
403 nan
404 nan
405 nan
406 nan
407 nan
408 nan
409 nan
410 nan
411 nan
412 nan
413 nan
414 nan
415 nan
416 nan
417 nan
418 nan
419 nan
420 nan
421 nan
422 nan
423 nan
424 nan
425 nan
426 nan
427 nan
428 nan
429 nan
430 nan
431 nan
432 nan
433 nan
434 nan
435 nan
436 nan
437 nan
438 nan
439 nan
440 nan
441 nan
442 nan
443 nan
444 nan
445 nan
446 nan
447 nan
448 nan
449 nan
450 nan
451 nan
452 nan
453 nan
454 nan
455 nan
456 nan
457 nan
458 nan
459 nan
460 nan
461 nan
462 nan
463 nan
464 nan
465 nan
466 nan
467 nan
468 nan
469 nan
470 nan
471 nan
472 nan
473 nan
474 nan
475 nan
476 nan
477 nan
478 nan
479 nan
480 nan
481 nan
482 nan
483 nan
484 nan
485 nan
486 nan
487 nan
488 nan
489 nan
490 nan
491 nan
492 nan
493 nan
494 nan
495 nan
496 nan
497 nan
498 nan
499 nan
500 nan
501 nan
502 nan
503 nan
504 nan
505 nan
506 nan
507 nan
508 nan
509 nan
510 nan
511 nan
512 nan
513 nan
514 nan
515 nan
516 nan
517 nan
518 nan
519 nan
520 nan
521 nan
522 nan
523 nan
524 nan
525 nan
526 nan
527 nan
528 nan
529 nan
530 nan
531 nan
532 nan
533 nan
534 nan
535 nan
536 nan
537 nan
538 nan
539 nan
540 nan
541 nan
542 nan
543 nan
544 nan
545 nan
546 nan
547 nan
548 nan
549 nan
550 nan
551 nan
552 nan
553 nan
554 nan
555 nan
556 nan
557 nan
558 nan
559 nan
560 nan
561 nan
562 nan
563 nan
564 nan
565 nan
566 nan
567 nan
568 nan
569 nan
570 nan
571 nan
572 nan
573 nan
574 nan
575 nan
576 nan
577 nan
578 nan
579 nan
580 nan
581 nan
582 nan
583 nan
584 nan
585 nan
586 nan
587 nan
588 nan
589 nan
590 nan
591 nan
592 nan
593 nan
594 nan
595 nan
596 nan
597 nan
598 nan
599 nan
600 nan
601 nan
602 nan
603 nan
604 nan
605 nan
606 nan
607 nan
608 nan
609 nan
610 nan
611 nan
612 nan
613 nan
614 nan
615 nan
616 nan
617 nan
618 nan
619 nan
620 nan
621 nan
622 nan
623 nan
624 nan
625 nan
626 nan
627 nan
628 nan
629 nan
630 nan
631 nan
632 nan
633 nan
634 nan
635 nan
636 nan
637 nan
638 nan
639 nan
640 nan
641 nan
642 nan
643 nan
644 nan
645 nan
646 nan
647 nan
648 nan
649 nan
650 nan
651 nan
652 nan
653 nan
654 nan
655 nan
656 nan
657 nan
658 nan
659 nan
660 nan
661 nan
662 7.3528
663 6.8508
664 7.3053
665 6.6412
666 6.7872
667 6.4516
668 6.0484
669 5.7851
670 5.7048
671 5.3547
672 4.9635
673 4.7812
674 4.6579
675 4.2673
676 3.8006
677 3.7316
678 3.6529
679 3.1853
680 3.0362
681 2.6599
682 2.1005
683 1.9706
684 1.8890
685 1.4865
686 1.0569
687 1.3910
688 1.4563
689 1.1807
690 1.3829
691 1.3458
692 2.0550
693 2.2523
694 3.0206
695 2.8042
696 2.1620
697 2.4042
698 2.1839
699 2.8452
700 2.7253
701 2.0383
702 2.0604
703 1.6037
704 1.8827
705 1.8100
706 1.1474
707 1.5326
708 2.1207
709 1.8529
710 1.8743
711 2.5374
712 2.9148
713 2.8313
714 3.1818
715 3.7805
716 3.9218
717 4.0555
718 4.5411
719 4.9724
720 5.2152
721 5.4720
722 5.9490
723 6.3447
724 6.1160
725 6.4018
726 6.0041
727 5.9983
728 5.4218
729 4.8231
730 4.8379
731 4.7614
732 3.9897
733 3.5698
734 3.8441
735 3.5553
736 2.7393
737 2.7337
738 3.1843
739 2.5553
740 2.0082
741 2.1260
742 1.7956
743 2.0583
744 2.4813
745 2.9485
746 3.6532
747 3.7606
748 3.9445
749 3.3694
750 3.5922
751 3.9618
752 3.6913
753 4.5832
754 4.6560
755 4.4179
756 4.0876
757 3.4718
758 3.2058
759 3.1360
760 2.6324
761 2.0035
762 2.0041
763 2.0403
764 1.2674
765 0.8750
766 1.4383
767 1.4813
768 0.9360
769 1.1525
770 1.7951
771 1.8227
772 1.7483
773 2.1415
774 2.6030
775 2.6985
776 2.7887
777 3.2423
778 3.5581
779 3.5876
780 3.8157
781 4.8086
782 5.6063
783 6.3045
784 6.8396
785 6.9300
786 7.3143
787 6.7841
788 6.5955
789 6.1178
790 5.4627
791 5.5670
792 5.5994
793 5.0452
794 4.6634
795 4.7989
796 4.5790
797 3.9292
798 3.9422
799 3.5260
800 3.7473
801 3.5860
802 3.8135
803 3.8401
804 3.6772
805 4.2259
806 4.0743
807 4.5113
808 4.2800
809 4.1379
810 3.4122
811 3.1785
812 3.4223
813 3.0159
814 2.4121
815 2.6725
816 2.9036
817 2.2665
818 1.9756
819 2.5912
820 2.8118
821 2.2745
822 2.1841
823 2.9454
824 3.4359
825 3.3867
826 2.8387
827 2.9708
828 2.4731
829 2.1919
830 2.2626
831 2.0433
832 2.4667
833 2.4954
834 3.0901
835 3.1757
836 2.8421
837 2.9815
838 2.8810
839 2.7680
840 2.8827
841 2.9425
842 3.4917
843 3.3113
844 2.6224
845 2.5807
846 2.9447
847 2.6552
848 2.1565
849 2.5205
850 2.4649
851 2.0377
852 2.1680
853 2.5023
854 2.2822
855 2.4390
856 2.2594
857 1.8335
858 1.6519
859 1.3784
860 0.8429
861 0.4616
862 0.6552
863 1.0853
864 1.7718
865 2.4192
866 2.7251
867 3.1648
868 2.7892
869 2.5054
870 3.2616
871 3.2270
872 2.5023
873 2.8399
874 3.4701
875 3.3518
876 2.4975
877 2.0567
878 2.6309
879 2.7870
880 3.1987
881 3.9290
882 4.3963
883 4.9049
884 4.4257
885 4.6300
886 4.2600
887 4.4139
888 3.7756
889 3.3219
890 3.3144
891 3.1408
892 3.3271
893 3.0649
894 2.3863
895 1.7099
896 1.4346
897 0.9353
898 1.1404
899 1.5080
900 1.6445
901 1.2441
902 1.5756
903 1.6976
904 1.0497
905 1.1568
906 1.6790
907 1.6799
908 1.7216
909 2.2588
910 2.2835
911 2.7725
912 2.9155
913 3.4316
914 3.2374
915 2.6085
916 2.6547
917 2.2256
918 1.9757
919 1.3163
920 1.1948
921 1.0328
922 1.0187
923 1.1928
924 1.1028
925 1.5601
926 1.7738
927 2.2699
928 2.7987
929 2.7355
930 3.1449
931 3.3584
932 3.4887
933 3.8339
934 3.9102
935 3.6302
936 3.9676
937 3.7972
938 3.5963
939 3.9622
940 3.8803
941 3.4260
942 3.7637
943 3.7098
944 3.6666
945 3.0684
946 2.4874
947 2.2622
948 2.5184
949 2.5782
950 2.8809
951 3.2691
952 3.3157
953 3.7730
954 3.3475
955 3.0259
956 2.9111
957 3.6247
958 3.7923
959 4.3656
960 3.9167
961 3.2958
962 3.3736
963 3.1427
964 3.1720
965 3.3673
966 3.0408
967 2.3416
968 2.4555
969 2.3391
970 2.4508
971 2.8159
972 3.2479
973 3.3219
974 3.2075
975 3.8536
976 4.1785
977 4.0257
978 4.7528
979 4.6337
980 5.3583
981 5.1132
982 4.4051
983 4.1448
984 3.4880
985 3.2990
986 2.6723
987 2.4226
988 2.1283
989 1.6911
990 1.8156
991 1.8278
992 2.3402
993 2.2756
994 2.1990
995 2.1596
996 1.6690
997 1.3203
998 1.5952
999 1.5979
1000 1.8875
1001 1.9846
1002 2.0277
1003 2.1022
1004 2.4296
1005 2.0754
1006 2.3559
1007 2.0749
1008 2.4378
1009 2.4437
1010 2.7486
1011 2.9842
1012 3.4391
1013 4.0177
1014 3.9434
