12.7538 0.0000 7.6013
6.5900 0.0000 3.9277
8.2685 0.0000 4.9280
8.9855 0.0000 5.3554
7.3550 0.0000 4.3836
7.8273 0.0000 4.6651
14.9969 0.0000 8.9382
10.8497 0.0000 6.4664
10.4400 0.0000 6.2223
7.0259 0.0000 4.1874
9.3028 0.0000 5.5445
6.9584 0.0000 4.1472
8.4213 0.0000 5.0191
7.0922 0.0000 4.2270
7.2784 0.0000 4.3380
12.1989 0.0000 7.2705
16.5168 0.0000 9.8440
3.4860 0.0000 2.0777
12.6610 0.0000 7.5459
5.8849 0.0000 3.5074
8.2275 0.0000 4.9036
15.8511 0.0000 9.4473
9.5711 0.0000 5.7044
7.3913 0.0000 4.4052
7.5459 0.0000 4.4973
9.3650 0.0000 5.5816
9.7962 0.0000 5.8386
11.5226 0.0000 6.8675
13.0640 0.0000 7.7861
9.6980 0.0000 5.7800
7.5002 0.0000 4.4701
8.9123 0.0000 5.3117
9.7522 0.0000 5.8123
9.1855 0.0000 5.4746
7.1833 0.0000 4.2812
4.1821 0.0000 2.4925
15.0600 0.0000 8.9757
8.5573 0.0000 5.1002
15.2488 0.0000 9.0883
12.0549 0.0000 7.1847
17.7747 0.0000 10.5937
10.7763 0.0000 6.4227
12.6256 0.0000 7.5249
7.4087 0.0000 4.4156
16.5271 0.0000 9.8502
11.0156 0.0000 6.5653
10.4752 0.0000 6.2432
5.3112 0.0000 3.1655
13.6857 0.0000 8.1567
5.6536 0.0000 3.3696
6.8332 0.0000 4.0726
7.8645 0.0000 4.6873
3.2317 0.0000 1.9261
11.1250 0.0000 6.6305
19.3441 0.0000 11.5291
9.9922 0.0000 5.9553
7.8770 0.0000 4.6947
10.7623 0.0000 6.4143
8.5917 0.0000 5.1207
11.2050 0.0000 6.6782
11.0830 0.0000 6.6055
10.9078 0.0000 6.5011
9.6092 0.0000 5.7271
13.2814 0.0000 7.9157
5.6230 0.0000 3.3513
5.5928 0.0000 3.3333
11.8911 0.0000 7.0871
13.5880 0.0000 8.0985
11.1506 0.0000 6.6458
9.3855 0.0000 5.5937
20.5518 0.0000 12.2489
10.5312 0.0000 6.2766
16.4628 0.0000 9.8118
13.0428 0.0000 7.7735
11.8390 0.0000 7.0560
7.0080 0.0000 4.1768
13.8747 0.0000 8.2693
9.0450 0.0000 5.3908
12.9580 0.0000 7.7230
16.6252 0.0000 9.9086
9.6177 0.0000 5.7322
9.5869 0.0000 5.7138
9.9837 0.0000 5.9503
5.4477 0.0000 3.2468
10.9137 0.0000 6.5045
8.7409 0.0000 5.2096
12.2358 0.0000 7.2925
13.4742 0.0000 8.0306
3.4827 0.0000 2.0757
5.8284 0.0000 3.4737
16.1428 0.0000 9.6211
5.4785 0.0000 3.2652
8.4829 0.0000 5.0558
14.8636 0.0000 8.8587
9.0083 0.0000 5.3690
11.1652 0.0000 6.6545
11.7617 0.0000 7.0100
11.2307 0.0000 6.6935
2.7058 0.0000 1.6127
17.4156 0.0000 10.3797
8.3266 0.0000 4.9626
9.9957 0.0000 5.9575
21.7981 0.0000 12.9917
13.9246 0.0000 8.2991
10.9818 0.0000 6.5451
4.7577 0.0000 2.8356
11.9367 0.0000 7.1143
4.6623 0.0000 2.7787
9.1217 0.0000 5.4365
6.2420 0.0000 3.7202
12.8212 0.0000 7.6415
15.3728 0.0000 9.1622
15.4564 0.0000 9.2120
8.2499 0.0000 4.9170
10.1275 0.0000 6.0360
13.5823 0.0000 8.0951
8.6498 0.0000 5.1553
14.2382 0.0000 8.4860
11.5892 0.0000 6.9072
21.2805 0.0000 12.6832
12.7248 0.0000 7.5840
9.4885 0.0000 5.6551
12.5228 0.0000 7.4636
8.9171 0.0000 5.3146
13.4960 0.0000 8.0436
8.4432 0.0000 5.0321
16.5691 0.0000 9.8752
16.3983 0.0000 9.7734
10.9492 0.0000 6.5257
9.4910 0.0000 5.6566
5.2379 0.0000 3.1218
17.4146 0.0000 10.3791
8.4234 0.0000 5.0204
13.3926 0.0000 7.9820
12.2115 0.0000 7.2780
23.0215 0.0000 13.7208
19.6974 0.0000 11.7397
5.2568 0.0000 3.1330
3.4616 0.0000 2.0631
17.5729 0.0000 10.4734
10.4751 0.0000 6.2431
27.1372 0.0000 16.1738
13.1907 0.0000 7.8616
8.4083 0.0000 5.0113
10.8829 0.0000 6.4862
14.0354 0.0000 8.3651
10.5016 0.0000 6.2589
10.6071 0.0000 6.3218
13.5835 0.0000 8.0957
10.1484 0.0000 6.0484
5.6013 0.0000 3.3384
13.6394 0.0000 8.1291
7.0958 0.0000 4.2291
18.8274 0.0000 11.2211
3.6027 0.0000 2.1472
12.4702 0.0000 7.4323
10.7392 0.0000 6.4005
10.0993 0.0000 6.0192
14.8007 0.0000 8.8212
6.5443 0.0000 3.9004
12.2706 0.0000 7.3133
9.0666 0.0000 5.4037
7.4147 0.0000 4.4191
9.6279 0.0000 5.7382
13.4294 0.0000 8.0039
7.0552 0.0000 4.2049
11.8398 0.0000 7.0565
6.8511 0.0000 4.0832
12.0205 0.0000 7.1642
5.9792 0.0000 3.5636
17.0291 0.0000 10.1494
2.5659 0.0000 1.5293
12.2872 0.0000 7.3232
13.7220 0.0000 8.1783
11.8095 0.0000 7.0385
12.4565 0.0000 7.4241
13.3396 0.0000 7.9504
8.6879 0.0000 5.1780
10.4174 0.0000 6.2088
8.6059 0.0000 5.1291
11.6736 0.0000 6.9574
3.9272 0.0000 2.3406
3.9892 0.0000 2.3776
10.2163 0.0000 6.0889
7.6510 0.0000 4.5600
13.8109 0.0000 8.2313
8.9151 0.0000 5.3134
5.4845 0.0000 3.2688
12.9167 0.0000 7.6983
6.1192 0.0000 3.6471
15.8675 0.0000 9.4570
5.0853 0.0000 3.0309
8.5116 0.0000 5.0729
5.4924 0.0000 3.2735
10.7751 0.0000 6.4219
9.9506 0.0000 5.9306
13.4235 0.0000 8.0004
9.6911 0.0000 5.7759
8.9666 0.0000 5.3441
10.3737 0.0000 6.1827
11.7935 0.0000 7.0289
10.6503 0.0000 6.3476
12.7252 0.0000 7.5842
8.0486 0.0000 4.7970
10.2497 0.0000 6.1088
9.8914 0.0000 5.8953
12.4002 0.0000 7.3905
8.8665 0.0000 5.2845
12.4825 0.0000 7.4396
11.3282 0.0000 6.7516
8.0474 0.0000 4.7963
12.3121 0.0000 7.3380
12.2081 0.0000 7.2761
12.3979 0.0000 7.3891
15.2746 0.0000 9.1037
10.7415 0.0000 6.4019
14.4131 0.0000 8.5902
11.2317 0.0000 6.6941
7.3406 0.0000 4.3750
9.7930 0.0000 5.8366
12.5802 0.0000 7.4978
7.5767 0.0000 4.5157
12.3375 0.0000 7.3532
6.2117 0.0000 3.7022
13.0805 0.0000 7.7960
9.6171 0.0000 5.7318
10.2555 0.0000 6.1123
18.4879 0.0000 11.0188
8.7095 0.0000 5.1909
13.4783 0.0000 8.0331
15.3032 0.0000 9.1207
10.8066 0.0000 6.4407
15.2585 0.0000 9.0940
10.5926 0.0000 6.3132
6.7565 0.0000 4.0269
18.4227 0.0000 10.9799
12.2461 0.0000 7.2987
16.1628 0.0000 9.6330
11.1218 0.0000 6.6286
5.6716 0.0000 3.3803
14.8993 0.0000 8.8800
12.1295 0.0000 7.2292
13.2052 0.0000 7.8703
16.5010 0.0000 9.8346
10.9193 0.0000 6.5079
10.7296 0.0000 6.3948
16.5732 0.0000 9.8776
13.6656 0.0000 8.1447
13.0097 0.0000 7.7538
10.9953 0.0000 6.5532
15.3984 0.0000 9.1774
8.7273 0.0000 5.2015
16.6854 0.0000 9.9445
6.4696 0.0000 3.8559
10.3391 0.0000 6.1621
8.4104 0.0000 5.0126
8.5641 0.0000 5.1042
10.3913 0.0000 6.1932
8.9395 0.0000 5.3279
6.5747 0.0000 3.9185
20.6427 0.0000 12.3030
10.5851 0.0000 6.3087
11.4522 0.0000 6.8255
5.6576 0.0000 3.3720
11.1697 0.0000 6.6572
12.3316 0.0000 7.3496
6.2727 0.0000 3.7385
5.0632 0.0000 3.0177
11.8466 0.0000 7.0606
5.2564 0.0000 3.1328
10.2619 0.0000 6.1161
9.7270 0.0000 5.7973
11.4983 0.0000 6.8530
14.4564 0.0000 8.6160
8.0513 0.0000 4.7986
20.2574 0.0000 12.0734
6.7374 0.0000 4.0155
10.8737 0.0000 6.4807
10.9368 0.0000 6.5183
9.9099 0.0000 5.9063
21.9229 0.0000 13.0660
5.5782 0.0000 3.3246
12.6984 0.0000 7.5682
9.7896 0.0000 5.8346
7.9036 0.0000 4.7105
15.7041 0.0000 9.3597
12.7719 0.0000 7.6121
16.1917 0.0000 9.6503
6.8317 0.0000 4.0717
6.9671 0.0000 4.1524
12.4987 0.0000 7.4492
8.6618 0.0000 5.1625
12.9592 0.0000 7.7237
12.0727 0.0000 7.1953
12.6113 0.0000 7.5163
17.7038 0.0000 10.5515
10.4144 0.0000 6.2070
8.2318 0.0000 4.9062
13.3962 0.0000 7.9841
12.5327 0.0000 7.4695
22.6202 0.0000 13.4816
19.0977 0.0000 11.3823
10.1132 0.0000 6.0274
13.6424 0.0000 8.1309
14.7773 0.0000 8.8073
21.1698 0.0000 12.6172
10.8508 0.0000 6.4671
16.6348 0.0000 9.9143
13.2644 0.0000 7.9056
11.2653 0.0000 6.7141
8.9296 0.0000 5.3221
13.8239 0.0000 8.2391
8.2493 0.0000 4.9166
10.2767 0.0000 6.1249
12.8055 0.0000 7.6321
8.8576 0.0000 5.2791
17.0354 0.0000 10.1531
17.3480 0.0000 10.3394
10.0582 0.0000 5.9947
6.9571 0.0000 4.1464
6.1456 0.0000 3.6628
4.8544 0.0000 2.8932
22.7172 0.0000 13.5395
7.6111 0.0000 4.5362
2.7825 0.0000 1.6584
7.7801 0.0000 4.6370
14.2372 0.0000 8.4854
12.6211 0.0000 7.5222
9.5616 0.0000 5.6987
11.5612 0.0000 6.8905
7.3794 0.0000 4.3981
16.9016 0.0000 10.0733
4.3379 0.0000 2.5854
5.0890 0.0000 3.0330
13.8840 0.0000 8.2748
14.9189 0.0000 8.8917
10.1861 0.0000 6.0709
14.5957 0.0000 8.6990
20.0819 0.0000 11.9688
18.2064 0.0000 10.8510
15.3924 0.0000 9.1739
15.7861 0.0000 9.4085
8.8642 0.0000 5.2831
12.1274 0.0000 7.2280
13.1814 0.0000 7.8561
7.4604 0.0000 4.4464
11.7639 0.0000 7.0113
8.2057 0.0000 4.8906
3.1347 0.0000 1.8683
16.7313 0.0000 9.9719
16.6172 0.0000 9.9039
9.2849 0.0000 5.5338
8.2960 0.0000 4.9444
7.0600 0.0000 4.2078
16.8812 0.0000 10.0612
10.3760 0.0000 6.1841
12.6504 0.0000 7.5397
6.6056 0.0000 3.9370
1.9365 0.0000 1.1541
10.2691 0.0000 6.1204
10.5651 0.0000 6.2968
13.6366 0.0000 8.1274
10.4646 0.0000 6.2369
5.4681 0.0000 3.2590
12.3010 0.0000 7.3314
17.8524 0.0000 10.6400
12.4576 0.0000 7.4247
10.7812 0.0000 6.4256
15.8165 0.0000 9.4266
12.6662 0.0000 7.5491
5.9356 0.0000 3.5376
5.3914 0.0000 3.2133
13.4640 0.0000 8.0246
9.2046 0.0000 5.4859
5.6970 0.0000 3.3954
5.6609 0.0000 3.3739
11.4104 0.0000 6.8006
7.9055 0.0000 4.7117
8.3055 0.0000 4.9501
14.9911 0.0000 8.9347
15.9048 0.0000 9.4793
16.5679 0.0000 9.8745
10.0536 0.0000 5.9920
17.9838 0.0000 10.7184
7.4599 0.0000 4.4461
10.5726 0.0000 6.3013
6.3571 0.0000 3.7888
8.4950 0.0000 5.0630
14.3019 0.0000 8.5239
17.3256 0.0000 10.3261
5.1579 0.0000 3.0741
14.4148 0.0000 8.5912
9.5794 0.0000 5.7093
18.7219 0.0000 11.1583
13.1158 0.0000 7.8170
12.4836 0.0000 7.4403
10.6259 0.0000 6.3330
18.4262 0.0000 10.9820
13.6307 0.0000 8.1239
10.1057 0.0000 6.0230
5.6632 0.0000 3.3753
13.8979 0.0000 8.2832
11.7217 0.0000 6.9861
8.3184 0.0000 4.9578
13.9723 0.0000 8.3275
4.9189 0.0000 2.9317
7.3183 0.0000 4.3617
9.7979 0.0000 5.8395
15.2086 0.0000 9.0643
17.0842 0.0000 10.1822
5.1643 0.0000 3.0779
5.2534 0.0000 3.1310
15.8611 0.0000 9.4532
11.0517 0.0000 6.5868
10.4493 0.0000 6.2278
17.3174 0.0000 10.3212
10.7963 0.0000 6.4346
4.5014 0.0000 2.6828
9.6231 0.0000 5.7354
6.1304 0.0000 3.6537
16.6749 0.0000 9.9383
8.1513 0.0000 4.8582
10.8625 0.0000 6.4741
15.6628 0.0000 9.3350
8.3207 0.0000 4.9591
11.7742 0.0000 7.0174
10.0300 0.0000 5.9779
8.7296 0.0000 5.2029
10.5847 0.0000 6.3085
18.1500 0.0000 10.8174
5.5887 0.0000 3.3309
9.8720 0.0000 5.8837
7.7651 0.0000 4.6280
19.1679 0.0000 11.4240
10.2131 0.0000 6.0870
6.7297 0.0000 4.0109
8.9540 0.0000 5.3366
