64.3292
63.8448
63.5741
63.9238
64.6943
64.0070
64.6503
63.8824
63.5111
63.2828
62.7382
63.5261
63.3768
63.5880
63.7759
64.0475
63.4731
63.5151
64.0136
63.4124
63.0993
63.2601
63.5424
63.4902
63.3941
62.7442
63.1952
63.2170
63.3149
63.1287
63.3939
62.5765
63.2396
63.1598
63.2818
63.0981
62.7335
62.7205
63.2668
63.0780
63.4503
63.8788
62.9364
62.6628
62.9087
62.3361
63.7345
63.7280
63.8967
64.4403
64.1262
63.6114
63.2365
63.1391
63.2635
63.5987
63.8678
63.1302
63.0048
63.5010
63.4147
62.9321
62.8662
63.5488
62.9659
62.7013
62.2797
62.9082
63.0601
62.6928
62.8457
62.7352
62.9426
62.5646
62.6427
62.2363
62.6297
62.5531
62.2314
61.8483
62.2114
62.4208
62.3308
62.7121
62.3190
62.2292
62.2971
62.1010
62.1528
62.1726
62.0026
62.9118
62.6493
63.3205
62.9564
62.7223
62.0535
62.3403
62.2413
62.1801
62.4711
62.6144
61.8623
62.5212
62.2857
62.0117
62.0522
62.0556
62.3824
62.7685
63.0668
62.6578
62.0987
61.7745
62.3530
61.5924
62.5125
62.5900
62.6391
62.2021
63.1749
63.4661
62.8607
62.2190
61.9125
63.0699
62.7207
63.4326
62.9005
62.8732
63.6475
63.7723
63.0964
63.5332
63.3790
63.2208
63.0981
62.8016
63.4051
62.3534
62.5429
62.6619
62.8458
63.2579
63.3288
63.6197
63.8607
63.2322
62.8727
63.2379
62.8925
62.4686
62.7986
62.6698
62.3669
61.8237
62.2840
62.6010
62.5228
62.4773
62.4779
62.3502
61.8035
62.1967
62.1012
61.8118
62.1289
62.1005
62.2275
61.9127
62.1018
62.1331
61.9102
62.0344
62.0043
62.1625
61.9665
62.9850
62.4565
62.7337
62.6923
62.3180
61.8973
62.3906
62.5566
62.5217
62.8392
62.3995
61.6733
61.8477
62.2428
61.9962
61.3709
61.1339
61.1438
62.1114
62.1992
61.7205
60.9966
60.8145
61.1198
61.7653
60.8780
61.8620
61.5703
62.0326
62.0494
62.3855
62.8391
61.9862
62.5155
62.2124
61.6287
61.7334
62.2001
62.4964
62.3542
62.2755
62.2915
63.0060
62.9268
63.3997
62.4940
62.9534
62.9686
62.5944
63.0980
63.2503
64.0650
63.4019
63.2124
62.9335
63.0203
63.0196
62.7699
62.9814
62.4131
62.4603
62.0725
62.2187
62.4655
62.7975
63.0245
63.5430
62.5737
63.2268
63.4460
62.9253
62.5176
62.2481
62.8035
61.4045
62.4576
62.6851
63.1113
62.7562
62.8327
63.5328
63.1252
62.6889
62.7614
62.2607
61.8648
62.4921
62.7076
62.2088
61.6239
61.9910
61.8432
62.3309
62.8437
62.1446
62.7076
63.0029
62.4486
62.2805
62.4247
62.4679
62.7090
62.3579
62.5295
62.1625
61.7418
62.2825
61.8403
62.5585
62.1433
61.5033
61.4098
61.2760
61.5225
61.4006
62.4330
61.5524
61.3926
61.8817
61.7709
61.6501
61.8211
62.2822
62.7587
63.3206
63.2648
62.5081
62.8572
63.3672
63.2213
61.9476
61.8911
62.3068
62.5235
62.1050
61.9456
61.6549
61.9206
61.9662
62.1021
62.7824
62.5326
62.6337
62.7228
63.1360
62.6646
62.3102
62.3737
62.2240
62.8890
63.9836
63.3034
62.9428
62.7460
62.5362
61.9361
62.1736
62.6412
63.0102
62.7543
62.8962
62.6306
63.0556
62.2393
61.8583
62.8675
62.5159
62.7341
63.5011
62.3692
62.8995
63.0377
62.4334
62.3220
61.7825
62.3018
62.1929
62.5103
62.3239
62.3618
62.7488
62.7690
62.1796
61.8401
62.4297
62.4086
61.7387
62.5439
63.0813
62.5697
62.5938
63.4337
62.9663
62.1472
62.5927
63.0569
62.9797
63.5728
63.2867
62.9141
62.7588
62.5410
62.7734
62.4051
61.6132
62.5266
63.1247
63.1567
63.5081
63.4143
62.7699
62.3549
63.0422
62.5431
62.8447
62.8917
62.5710
62.7762
63.0142
63.0014
62.8734
62.4523
62.6750
62.9669
62.2452
62.4290
62.7043
63.1517
63.2372
62.6924
63.0486
62.6648
62.6686
62.9607
63.0588
62.7896
62.7806
63.1640
62.9062
63.5772
64.0333
63.4165
63.6657
63.0311
62.8302
62.8583
62.3876
62.3988
62.2773
62.5144
61.7910
62.6257
63.2116
62.9746
62.6130
63.4878
63.7397
63.2436
63.0303
63.3208
