22.6938
23.1353
22.9367
23.0167
22.9638
23.2162
23.1954
23.0711
22.8547
22.7561
22.8824
23.0562
23.0375
22.7621
23.0000
23.2580
23.2468
23.4196
23.1732
22.7788
22.9059
23.1169
23.0077
23.1575
23.2379
23.2387
23.1445
22.8769
22.8932
23.2380
22.6974
22.7135
22.9521
23.1704
23.0369
23.2210
22.8923
23.0839
23.4714
23.2698
23.2654
23.3122
23.0013
23.0755
23.0021
23.3565
23.2045
23.5924
23.1641
22.9833
23.0723
23.0925
23.2271
23.1230
23.0804
23.0203
22.9707
22.7368
23.0412
23.1247
23.1255
22.9849
23.2146
22.9556
22.8704
23.0530
22.8445
22.9205
22.8235
22.7647
22.8395
22.8132
22.8532
23.1860
23.1543
23.0840
22.9797
23.0723
22.9580
23.2426
23.2242
23.2518
22.9090
23.1577
22.9282
22.9840
23.2384
23.2196
23.1506
23.0583
23.0878
23.0306
23.0198
23.0967
23.0041
23.1077
22.9389
23.1636
23.1863
23.0625
23.2423
22.8716
22.8440
23.2088
23.2167
22.9579
23.1684
23.5813
23.9432
23.7654
23.5177
23.8084
23.8022
23.5071
23.5582
23.3868
23.2731
23.1718
23.4625
23.5209
23.5201
23.3676
22.8884
23.2310
23.3241
23.3762
23.3972
23.4992
23.6841
23.4788
23.2425
23.1979
23.3491
23.2780
23.8701
22.9943
23.3353
22.7868
23.2695
23.2542
23.1286
23.4555
23.1406
23.3423
23.4442
23.0966
23.2713
23.2662
23.3260
23.5657
23.2632
23.3150
23.3247
23.5790
23.3649
23.1823
22.9496
22.8551
23.1205
23.3078
23.4245
23.5426
23.1664
23.2832
23.3074
23.2607
23.0138
23.3949
23.0451
23.1456
23.2984
23.2288
23.2691
23.5098
23.1961
23.2320
23.4138
22.9230
23.2011
23.1768
23.2081
22.9151
22.8992
22.8418
22.8702
23.2121
23.1330
23.0026
22.9096
23.0626
22.8715
23.0410
22.9549
22.9615
23.0112
22.9837
22.7279
22.5022
22.9610
23.1025
23.1423
23.7634
23.0075
23.2158
23.2704
22.5742
22.7968
22.9704
22.9046
23.1972
23.2586
22.8972
22.8389
23.2169
23.3821
23.0955
23.0851
23.3676
23.3050
23.3242
23.2872
23.3439
23.3154
23.1244
22.9502
23.0594
23.2616
23.2841
22.9699
23.2901
22.8349
23.0354
23.4183
23.3887
23.4084
23.2095
23.3314
23.4974
23.2730
23.4269
23.0514
23.0217
23.4791
23.5115
23.3186
23.2920
23.5614
23.3619
23.0546
23.1838
23.0651
22.8480
22.9983
23.4744
23.5105
23.5610
23.5378
23.8753
23.6870
23.5424
23.2450
23.9246
23.5069
23.4726
23.5018
23.4375
23.2831
23.1769
23.3658
23.1991
23.6089
23.4789
23.7429
23.6460
23.6618
23.3605
23.3487
23.6455
23.4821
23.6550
23.6819
23.8020
23.6379
23.5367
23.4686
23.8142
23.5437
23.4890
23.5562
23.6096
23.7132
23.4502
23.8195
23.6408
24.1904
24.0077
23.7631
23.3241
23.1086
23.3784
23.3010
23.3193
23.5481
23.1878
23.1620
23.3995
23.6238
23.5474
23.3580
23.3138
22.9701
23.2995
23.1116
23.4072
23.2193
23.2880
23.1518
23.5554
23.5687
23.5663
23.4426
23.5815
23.5693
23.6163
23.4276
23.4477
23.5357
23.8041
23.6409
23.3525
23.7815
23.5250
23.4061
23.0758
23.5316
23.8670
23.7419
23.5756
23.4598
23.7015
23.6215
23.1328
23.9591
23.6165
23.8069
23.5496
23.7827
23.8130
23.7652
23.7327
23.6738
23.7010
23.9074
23.6931
23.7932
23.6361
23.7968
23.9337
23.6911
23.5948
23.5844
23.4041
23.5592
23.4793
23.5268
23.8276
23.6429
23.5091
23.7504
23.5261
23.3080
23.7046
23.3281
23.6114
23.4678
23.6041
23.4640
23.2018
23.0095
23.2846
23.7217
23.7018
23.4879
23.5063
24.0621
23.6188
23.6900
23.9060
23.9990
23.9307
23.6688
23.6261
23.5816
23.8455
23.8478
23.9057
24.3492
24.3389
24.0841
23.7275
23.8346
24.1077
23.7911
23.9829
23.8310
23.6194
23.7527
23.9605
23.6148
23.7330
23.6324
23.9383
23.5236
23.5742
23.3837
23.2551
23.1750
23.3793
23.2910
23.5465
23.4023
23.4118
23.4370
23.5560
23.7599
23.7791
23.4944
23.5771
23.7336
23.6402
23.5625
23.8065
23.7932
23.3671
23.5756
23.4579
23.2977
