1.429194 0.000000 0.851942
1.369857 0.000000 0.816572
1.449045 0.000000 0.863776
1.442849 0.000000 0.860082
1.431618 0.000000 0.853388
1.484518 0.000000 0.884921
1.459915 0.000000 0.870255
1.404747 0.000000 0.837370
1.511298 0.000000 0.900885
1.430871 0.000000 0.852942
1.389975 0.000000 0.828564
1.404214 0.000000 0.837052
1.491413 0.000000 0.889031
1.403301 0.000000 0.836507
1.502480 0.000000 0.895628
1.409220 0.000000 0.840036
1.547954 0.000000 0.922735
1.528625 0.000000 0.911214
1.481712 0.000000 0.883248
1.442066 0.000000 0.859616
1.365217 0.000000 0.813806
1.388218 0.000000 0.827517
1.530868 0.000000 0.912550
1.430965 0.000000 0.852998
1.499444 0.000000 0.893818
1.438675 0.000000 0.857594
1.505352 0.000000 0.897340
1.467289 0.000000 0.874651
1.453581 0.000000 0.866480
1.462138 0.000000 0.871580
1.542864 0.000000 0.919701
1.504820 0.000000 0.897023
1.555051 0.000000 0.926966
1.524994 0.000000 0.909049
1.428914 0.000000 0.851775
1.452867 0.000000 0.866054
1.463101 0.000000 0.872154
1.450341 0.000000 0.864548
1.402027 0.000000 0.835748
1.415894 0.000000 0.844014
1.448903 0.000000 0.863691
1.403238 0.000000 0.836470
1.390153 0.000000 0.828670
1.401705 0.000000 0.835556
1.456559 0.000000 0.868255
1.544531 0.000000 0.920695
1.424157 0.000000 0.848940
1.421959 0.000000 0.847630
1.554690 0.000000 0.926750
1.469126 0.000000 0.875746
1.417234 0.000000 0.844813
1.463889 0.000000 0.872624
1.403047 0.000000 0.836356
1.489825 0.000000 0.888085
1.433844 0.000000 0.854715
1.461649 0.000000 0.871289
1.463517 0.000000 0.872402
1.483602 0.000000 0.884375
1.483933 0.000000 0.884572
1.361447 0.000000 0.811559
1.475705 0.000000 0.879668
1.441435 0.000000 0.859239
1.402312 0.000000 0.835918
1.401674 0.000000 0.835538
1.477282 0.000000 0.880608
1.551192 0.000000 0.924665
1.451516 0.000000 0.865249
1.509044 0.000000 0.899541
1.513991 0.000000 0.902490
1.473648 0.000000 0.878442
1.484193 0.000000 0.884727
1.511260 0.000000 0.900862
1.500219 0.000000 0.894280
1.491628 0.000000 0.889159
1.407129 0.000000 0.838790
1.472667 0.000000 0.877857
1.483013 0.000000 0.884024
1.470936 0.000000 0.876825
1.431223 0.000000 0.853152
1.406872 0.000000 0.838636
1.479841 0.000000 0.882133
1.504757 0.000000 0.896985
1.467549 0.000000 0.874806
1.462072 0.000000 0.871541
1.357388 0.000000 0.809139
1.440594 0.000000 0.858738
1.501871 0.000000 0.895265
1.462805 0.000000 0.871978
1.452248 0.000000 0.865685
1.487232 0.000000 0.886539
1.496049 0.000000 0.891795
1.342332 0.000000 0.800164
1.391497 0.000000 0.829471
1.439767 0.000000 0.858245
1.461811 0.000000 0.871386
1.492261 0.000000 0.889537
1.517134 0.000000 0.904364
1.462674 0.000000 0.871900
1.516277 0.000000 0.903853
1.453139 0.000000 0.866216
1.542692 0.000000 0.919599
1.366919 0.000000 0.814821
1.486926 0.000000 0.886357
1.539125 0.000000 0.917472
1.403950 0.000000 0.836894
1.442768 0.000000 0.860034
1.418343 0.000000 0.845474
1.485045 0.000000 0.885235
1.485697 0.000000 0.885624
1.495584 0.000000 0.891517
1.502120 0.000000 0.895413
1.463507 0.000000 0.872397
1.392169 0.000000 0.829872
1.483427 0.000000 0.884271
1.436531 0.000000 0.856316
1.369048 0.000000 0.816090
1.450353 0.000000 0.864555
1.501207 0.000000 0.894869
1.446114 0.000000 0.862029
1.458025 0.000000 0.869129
1.401173 0.000000 0.835239
1.523668 0.000000 0.908258
1.475061 0.000000 0.879284
1.477169 0.000000 0.880540
1.444415 0.000000 0.861016
1.434746 0.000000 0.855252
1.353887 0.000000 0.807052
1.455948 0.000000 0.867891
1.442174 0.000000 0.859680
1.466109 0.000000 0.873947
1.478143 0.000000 0.881121
1.465548 0.000000 0.873613
1.446559 0.000000 0.862294
1.379056 0.000000 0.822055
1.484423 0.000000 0.884864
1.492323 0.000000 0.889574
1.510226 0.000000 0.900246
1.518612 0.000000 0.905245
1.446992 0.000000 0.862552
1.407408 0.000000 0.838956
1.474998 0.000000 0.879246
1.480420 0.000000 0.882478
1.499512 0.000000 0.893859
1.479085 0.000000 0.881682
1.491212 0.000000 0.888911
1.438295 0.000000 0.857367
1.346217 0.000000 0.802480
1.473439 0.000000 0.878317
1.539109 0.000000 0.917463
1.414123 0.000000 0.842959
1.502934 0.000000 0.895899
1.485333 0.000000 0.885407
1.486153 0.000000 0.885896
1.434432 0.000000 0.855065
1.488653 0.000000 0.887386
1.454595 0.000000 0.867084
1.516416 0.000000 0.903935
1.556178 0.000000 0.927638
1.445715 0.000000 0.861790
1.577256 0.000000 0.940202
1.442941 0.000000 0.860137
1.452428 0.000000 0.865792
1.545245 0.000000 0.921121
1.520646 0.000000 0.906457
1.438383 0.000000 0.857420
1.492190 0.000000 0.889494
1.399325 0.000000 0.834137
1.457466 0.000000 0.868795
1.389267 0.000000 0.828142
1.471981 0.000000 0.877448
1.462577 0.000000 0.871842
1.449782 0.000000 0.864215
1.472713 0.000000 0.877884
1.465310 0.000000 0.873471
1.391168 0.000000 0.829275
1.398127 0.000000 0.833424
1.454847 0.000000 0.867235
1.522518 0.000000 0.907573
1.389231 0.000000 0.828121
1.529154 0.000000 0.911529
1.472676 0.000000 0.877862
1.465811 0.000000 0.873770
1.495305 0.000000 0.891352
1.409769 0.000000 0.840363
1.468649 0.000000 0.875461
1.491905 0.000000 0.889324
1.506489 0.000000 0.898018
1.434762 0.000000 0.855262
1.535959 0.000000 0.915585
1.383292 0.000000 0.824580
1.418731 0.000000 0.845705
1.500211 0.000000 0.894275
1.523745 0.000000 0.908305
1.461079 0.000000 0.870949
1.473332 0.000000 0.878253
1.499066 0.000000 0.893593
1.503511 0.000000 0.896243
1.538654 0.000000 0.917192
1.366507 0.000000 0.814575
1.453036 0.000000 0.866154
1.526834 0.000000 0.910146
1.422328 0.000000 0.847849
1.458435 0.000000 0.869373
1.504115 0.000000 0.896603
1.403790 0.000000 0.836799
1.443668 0.000000 0.860570
1.448644 0.000000 0.863536
1.406941 0.000000 0.838677
1.444749 0.000000 0.861215
1.472753 0.000000 0.877908
1.470645 0.000000 0.876651
1.442223 0.000000 0.859709
1.566902 0.000000 0.934030
1.442067 0.000000 0.859616
1.376580 0.000000 0.820579
1.428274 0.000000 0.851394
1.423452 0.000000 0.848520
1.392766 0.000000 0.830228
1.399532 0.000000 0.834261
1.557364 0.000000 0.928345
1.428837 0.000000 0.851730
1.419994 0.000000 0.846459
1.446256 0.000000 0.862113
1.450818 0.000000 0.864833
1.417955 0.000000 0.845243
1.428236 0.000000 0.851372
1.497324 0.000000 0.892555
1.511635 0.000000 0.901086
1.440844 0.000000 0.858887
1.421592 0.000000 0.847411
1.311999 0.000000 0.782083
1.493718 0.000000 0.890405
1.464371 0.000000 0.872911
1.425947 0.000000 0.850007
1.447931 0.000000 0.863111
1.454533 0.000000 0.867047
1.453874 0.000000 0.866654
1.380068 0.000000 0.822658
1.377671 0.000000 0.821230
1.413256 0.000000 0.842442
1.498884 0.000000 0.893484
1.403104 0.000000 0.836390
1.437375 0.000000 0.856819
1.411870 0.000000 0.841615
1.462912 0.000000 0.872042
1.496360 0.000000 0.891980
1.465752 0.000000 0.873735
1.502515 0.000000 0.895649
1.423183 0.000000 0.848359
1.539832 0.000000 0.917894
1.484370 0.000000 0.884833
1.498854 0.000000 0.893467
1.479641 0.000000 0.882014
1.503474 0.000000 0.896221
1.414554 0.000000 0.843216
1.516942 0.000000 0.904249
1.358703 0.000000 0.809923
1.332007 0.000000 0.794009
1.360243 0.000000 0.810841
1.506902 0.000000 0.898264
1.480138 0.000000 0.882310
1.512299 0.000000 0.901481
1.479777 0.000000 0.882095
1.364499 0.000000 0.813378
1.453882 0.000000 0.866659
1.396409 0.000000 0.832399
1.436200 0.000000 0.856119
1.537217 0.000000 0.916335
1.469632 0.000000 0.876048
1.459120 0.000000 0.869781
1.450674 0.000000 0.864747
1.472031 0.000000 0.877478
1.489563 0.000000 0.887928
1.508716 0.000000 0.899346
1.433989 0.000000 0.854801
1.346435 0.000000 0.802610
1.420044 0.000000 0.846488
1.454696 0.000000 0.867144
1.409652 0.000000 0.840293
1.427349 0.000000 0.850842
1.435611 0.000000 0.855768
1.442136 0.000000 0.859657
1.433846 0.000000 0.854716
1.556717 0.000000 0.927959
1.480149 0.000000 0.882317
1.498644 0.000000 0.893342
1.441982 0.000000 0.859565
1.498631 0.000000 0.893334
1.384481 0.000000 0.825289
1.423061 0.000000 0.848287
1.557108 0.000000 0.928192
1.471047 0.000000 0.876891
1.406092 0.000000 0.838171
1.376063 0.000000 0.820271
1.426978 0.000000 0.850622
1.439855 0.000000 0.858297
1.415825 0.000000 0.843973
1.471296 0.000000 0.877040
1.394335 0.000000 0.831163
1.438597 0.000000 0.857548
1.490398 0.000000 0.888426
1.440845 0.000000 0.858887
1.421686 0.000000 0.847467
1.445765 0.000000 0.861821
1.502200 0.000000 0.895461
1.466892 0.000000 0.874414
1.446259 0.000000 0.862115
1.489747 0.000000 0.888038
1.454901 0.000000 0.867266
1.495392 0.000000 0.891403
1.460828 0.000000 0.870799
1.502382 0.000000 0.895570
1.495646 0.000000 0.891554
1.435040 0.000000 0.855427
1.502496 0.000000 0.895638
1.472044 0.000000 0.877485
1.463077 0.000000 0.872140
1.543002 0.000000 0.919784
1.379397 0.000000 0.822258
1.417197 0.000000 0.844791
1.425543 0.000000 0.849766
1.568993 0.000000 0.935277
1.451823 0.000000 0.865432
1.485624 0.000000 0.885580
1.419509 0.000000 0.846169
1.415128 0.000000 0.843558
1.422297 0.000000 0.847831
1.475902 0.000000 0.879785
1.506929 0.000000 0.898280
1.433427 0.000000 0.854466
1.460437 0.000000 0.870566
1.408798 0.000000 0.839785
1.466752 0.000000 0.874331
1.467738 0.000000 0.874918
1.439102 0.000000 0.857849
1.435518 0.000000 0.855712
1.491503 0.000000 0.889085
1.470850 0.000000 0.876773
1.424016 0.000000 0.848856
1.478368 0.000000 0.881255
1.514837 0.000000 0.902994
1.487949 0.000000 0.886966
1.445716 0.000000 0.861791
1.479813 0.000000 0.882117
1.445674 0.000000 0.861766
1.516855 0.000000 0.904197
1.430292 0.000000 0.852597
1.411677 0.000000 0.841501
1.523296 0.000000 0.908037
1.396804 0.000000 0.832635
1.450654 0.000000 0.864735
1.389796 0.000000 0.828457
1.489954 0.000000 0.888161
1.412677 0.000000 0.842097
1.513757 0.000000 0.902351
1.409707 0.000000 0.840326
1.434059 0.000000 0.854843
1.466308 0.000000 0.874066
1.411805 0.000000 0.841577
1.430585 0.000000 0.852772
1.368583 0.000000 0.815812
1.391658 0.000000 0.829567
1.504305 0.000000 0.896716
1.449706 0.000000 0.864170
1.493262 0.000000 0.890133
1.500344 0.000000 0.894355
1.507822 0.000000 0.898812
1.481984 0.000000 0.883410
1.468248 0.000000 0.875222
1.446012 0.000000 0.861967
1.362823 0.000000 0.812379
1.450229 0.000000 0.864482
1.446605 0.000000 0.862321
1.431103 0.000000 0.853081
1.464875 0.000000 0.873212
1.436738 0.000000 0.856439
1.414892 0.000000 0.843417
1.392169 0.000000 0.829872
1.381264 0.000000 0.823371
1.473413 0.000000 0.878301
1.425873 0.000000 0.849963
1.472324 0.000000 0.877652
1.418784 0.000000 0.845737
1.455022 0.000000 0.867338
1.508836 0.000000 0.899417
1.466099 0.000000 0.873941
1.339448 0.000000 0.798445
1.520961 0.000000 0.906645
1.399382 0.000000 0.834172
1.447486 0.000000 0.862846
1.460322 0.000000 0.870498
1.367360 0.000000 0.815083
1.455519 0.000000 0.867635
1.446400 0.000000 0.862199
1.480635 0.000000 0.882607
1.474295 0.000000 0.878827
1.460374 0.000000 0.870529
1.523993 0.000000 0.908452
1.577767 0.000000 0.940507
1.456389 0.000000 0.868154
1.390343 0.000000 0.828783
1.434353 0.000000 0.855018
1.450563 0.000000 0.864680
1.474410 0.000000 0.878896
1.419889 0.000000 0.846396
1.490431 0.000000 0.888446
1.437260 0.000000 0.856750
1.524369 0.000000 0.908676
1.427722 0.000000 0.851065
1.471970 0.000000 0.877442
1.450373 0.000000 0.864567
1.554391 0.000000 0.926573
1.478174 0.000000 0.881139
1.511485 0.000000 0.900996
1.413295 0.000000 0.842465
1.434848 0.000000 0.855313
1.436909 0.000000 0.856541
1.488308 0.000000 0.887180
1.355831 0.000000 0.808211
1.456579 0.000000 0.868267
1.420023 0.000000 0.846476
1.429575 0.000000 0.852170
1.459894 0.000000 0.870242
1.458016 0.000000 0.869123
1.483946 0.000000 0.884580
1.319883 0.000000 0.786782
1.414450 0.000000 0.843154
1.436866 0.000000 0.856516
1.539175 0.000000 0.917502
1.461167 0.000000 0.871002
1.455104 0.000000 0.867388
1.419654 0.000000 0.846255
1.408150 0.000000 0.839398
1.443448 0.000000 0.860439
1.456867 0.000000 0.868438
1.489757 0.000000 0.888044
1.465414 0.000000 0.873533
