23.8787
23.7240
24.3731
24.2943
24.3832
24.1880
24.1978
24.2201
24.3508
23.9074
24.1616
24.1618
24.2572
23.7038
24.1926
24.4868
23.9962
24.2224
24.1043
23.9368
23.8540
24.1626
23.8068
23.8743
24.1929
23.9630
24.1046
23.9924
24.1561
24.2921
23.9057
23.8478
23.9384
24.2824
24.4218
24.3908
24.5540
24.2899
24.1160
24.1957
24.2018
24.2138
23.8767
23.9794
23.7675
23.9382
23.9588
24.0986
24.0747
23.9031
23.9433
24.4818
24.1523
24.2246
24.3722
24.1330
24.1986
24.1438
24.2135
23.9074
24.0744
24.0294
24.1553
23.9302
24.1643
23.9056
23.8998
24.1198
23.9893
24.0413
24.0365
23.7711
23.9391
23.8145
24.2684
24.1434
23.7536
23.7601
23.5657
23.8678
23.8475
24.0240
24.0900
24.0278
24.2373
24.0610
24.0628
24.0403
24.2316
24.2821
24.2979
24.4128
24.3617
24.4262
24.2418
24.0955
24.4356
24.5495
24.3760
24.2011
23.9809
24.2232
24.2867
24.1681
24.4749
24.3280
23.7685
24.1751
24.0636
24.2837
24.1196
24.2450
24.1600
24.2974
24.3684
24.1164
24.1697
24.5425
24.3898
24.7726
24.6259
24.4481
24.3889
23.8385
24.1218
24.0995
24.3894
23.5976
23.7599
23.9125
24.0226
24.0224
24.0022
24.0735
24.1743
23.9115
23.7227
23.8978
24.1562
24.2228
23.9565
23.7374
24.1470
24.0368
23.6678
23.7548
23.7498
23.5237
23.4530
23.7666
23.6248
23.8502
23.7430
23.6497
23.6111
23.9863
23.9535
23.5107
23.6005
23.8423
24.0977
23.8518
24.0072
23.9434
23.5564
23.5953
23.2553
23.7874
24.0189
23.8533
23.7853
23.7096
24.1289
24.1657
23.8723
23.9530
24.0909
23.8178
23.7024
23.7295
23.6876
23.4641
23.6959
23.6218
23.7179
24.0526
24.4058
24.0609
24.0551
24.3307
23.7217
23.8961
23.7559
23.9278
24.0183
23.4276
23.5578
23.5695
23.9529
23.5904
23.5334
24.1859
23.9603
23.8456
24.1256
23.5267
23.5422
23.7256
24.1971
24.2010
24.1078
23.8438
23.7983
23.9242
24.1590
24.0939
23.9593
24.1052
24.5141
24.3684
23.9365
24.3880
24.5038
24.2890
24.3239
24.2137
24.0903
24.1406
24.3396
24.3336
24.1213
24.4021
24.5152
24.0981
23.9871
24.0318
24.0788
24.0818
24.1387
24.4312
24.0646
23.9876
24.1602
24.3962
24.3384
24.2978
24.2888
24.2513
23.6028
23.7145
23.9821
24.0245
24.4823
24.2916
24.4967
24.4631
24.4780
24.3907
24.7678
24.5802
24.0818
24.6387
24.4675
24.3720
24.3302
24.1797
23.9615
23.7333
24.2296
23.9195
24.2353
24.2873
24.2866
24.1782
24.2589
24.2945
23.9606
24.1947
23.9031
23.9653
23.9949
24.1479
24.1074
24.1130
24.1300
24.0540
23.7179
23.8850
23.7691
23.7046
24.0435
23.9330
24.2618
23.9213
24.4219
24.4150
24.1556
24.1018
23.9498
24.2600
23.7180
24.1418
24.0366
23.6814
24.0804
24.2787
24.1313
24.2188
24.0175
24.2076
24.0554
24.0769
24.1864
24.2127
24.4149
24.1545
24.1159
23.8192
23.9592
23.9429
23.9848
24.0390
23.5830
24.3840
23.7946
23.8166
24.3523
23.9248
24.0647
23.4975
23.8529
24.2237
23.9295
23.6992
23.6606
24.0262
23.5829
24.2030
23.8118
23.8560
23.9918
23.7235
23.7922
23.7488
23.9721
23.6689
23.6197
23.7530
24.0153
23.9769
23.9450
24.0029
24.1327
24.1790
23.9980
24.1497
24.1256
23.6426
23.7853
23.7360
23.8719
23.5044
23.8446
24.0561
23.9326
23.5027
23.7377
23.8401
23.6377
23.8270
23.5602
23.6211
23.5785
23.8977
23.6728
23.7743
23.7688
23.4310
23.7248
23.5542
23.6080
23.5926
23.6101
23.4690
23.7592
23.5248
23.6291
23.5721
23.8716
23.5703
23.7364
23.7231
23.9241
23.5691
23.7480
23.6430
23.3959
23.8132
23.5803
23.9968
23.8445
23.7992
23.5877
23.5180
23.4694
23.8985
23.6773
23.6010
23.4776
23.7177
23.7105
23.6133
23.6169
23.8245
23.4272
23.7169
23.8309
23.6690
23.8682
23.8475
23.7402
23.6287
23.6727
23.7716
23.8160
23.7793
23.7770
23.7141
23.6387
23.8164
23.8232
23.7276
23.8915
23.8587
23.4770
23.6229
23.8203
