65.2587
65.4026
65.0631
64.9631
65.4966
64.7668
65.7578
66.0406
66.5361
65.8799
65.1542
65.0159
64.6133
64.4816
64.7802
65.0305
64.7342
64.5390
64.5445
64.5071
64.2358
65.0242
65.1686
65.1787
64.3612
64.0546
63.9070
64.9595
65.8371
65.3790
66.0939
65.4178
65.3975
65.6441
65.9833
66.0777
65.6686
65.7173
65.6162
65.5048
65.3500
66.0042
65.3590
65.3370
65.0462
65.4554
65.4481
65.6466
66.6371
66.5573
66.2535
65.8413
65.1095
64.7929
64.4202
64.9529
65.3110
65.0651
65.0636
65.7890
65.0870
64.6200
64.8453
65.7593
66.0863
65.2584
64.4253
65.1663
65.4450
65.3308
64.2749
64.9522
65.1171
65.0678
65.2159
65.4019
65.2856
64.8370
64.7973
64.9494
64.5646
64.4658
64.4774
63.9382
63.8009
64.2172
64.1863
64.1569
64.9345
64.6904
64.6359
65.4019
64.7509
65.4547
65.6217
65.5081
64.9413
64.9731
65.2368
65.7027
65.5361
65.5143
65.2551
65.4289
65.7492
65.6046
65.4643
64.4258
65.2106
65.2742
64.8064
65.0069
64.8281
64.8314
64.9544
65.3067
65.6707
66.4792
66.5476
65.6571
65.9548
65.1699
65.8261
65.7219
65.2557
65.2850
65.8377
65.9438
65.1949
65.6711
65.1808
65.7836
65.6447
65.8267
65.8640
65.7925
65.8266
65.4014
65.7365
65.2139
65.4168
65.6393
65.7476
66.2001
66.9279
66.1331
65.8227
64.7467
64.2542
64.2403
64.2694
64.8437
65.0761
64.5667
64.4864
64.7954
65.0376
65.5651
64.9466
64.8299
64.9021
64.5780
64.8382
64.5971
63.9333
63.8506
64.1638
64.1819
64.6453
64.9613
65.5101
65.8481
65.2865
65.1031
65.8287
65.4995
65.0983
65.5417
65.7158
65.6003
65.5642
65.6356
65.3589
65.2162
65.6126
65.2325
65.5987
66.0721
65.9556
66.2289
66.1920
65.7677
65.0501
65.6637
65.1236
65.2790
66.2841
65.7548
65.4009
65.2548
65.2653
65.3828
65.1356
65.1012
64.6829
65.0600
64.8847
64.7854
64.9036
64.4523
65.3061
64.1371
64.1869
64.2159
64.1309
65.3607
65.2900
65.5907
65.0277
64.8654
65.0636
65.4415
66.1058
65.4167
64.8346
65.0756
64.9218
65.8500
65.7505
65.3838
64.7359
64.7822
64.8940
64.8292
65.0115
65.2502
65.0209
64.9031
65.2928
64.9923
65.9447
65.3442
65.8749
66.2183
65.5908
65.3635
65.7012
65.4691
65.1475
64.8282
65.0170
64.8591
65.6022
65.7418
66.0577
66.2112
66.2921
66.1452
65.6514
66.0656
66.3241
65.8657
65.5306
65.5519
65.5481
65.8849
65.3285
65.2886
65.1240
66.0093
66.1429
66.0442
64.9392
65.5386
65.9212
65.9676
65.6750
65.6993
65.4424
65.3480
65.7411
66.4110
65.9690
66.2400
66.0808
66.1383
66.5670
65.9157
65.9943
65.6770
65.5394
65.4001
65.9692
65.7658
66.2228
66.7493
66.5139
67.0743
66.2939
66.3258
65.7167
65.8783
65.8942
66.1854
65.5673
65.9998
65.9832
64.8420
65.2426
65.0843
65.4140
65.5740
65.2204
64.5383
64.9290
65.6444
65.1686
65.2353
66.0753
65.7743
65.8598
65.9225
65.8951
66.9917
66.0078
65.9505
66.1249
65.8376
65.6867
65.6978
65.5518
65.4560
65.6163
65.5956
65.6054
66.0808
65.7309
66.2218
66.1498
66.7729
66.6705
65.8418
65.3771
65.9994
66.3822
66.0286
65.4529
66.2696
66.3221
66.4468
66.4755
65.5748
65.7703
65.7400
66.8649
66.6479
66.5023
66.5372
66.0015
65.8190
66.1249
65.7564
65.4045
64.4898
64.5889
64.3083
64.6234
64.6604
65.1597
64.7419
65.4526
65.2539
65.5098
65.7592
66.1264
66.2637
64.9244
65.3702
65.7162
66.0546
66.2918
65.7355
65.6552
65.5997
65.8820
65.7689
65.9070
66.2251
65.9303
66.6532
66.1422
65.5642
65.4728
64.9034
64.9063
65.2277
65.3818
64.7425
64.6097
65.0833
65.4474
65.0076
64.1468
63.8371
64.0915
64.5705
64.6576
64.6864
64.5744
64.1361
64.0681
64.4739
64.1633
64.0789
64.1536
64.1591
64.2588
64.1167
64.2018
64.7761
64.4079
65.0892
64.2203
64.2713
64.1446
63.5274
64.2113
63.7331
64.1518
64.0306
64.3997
64.5161
64.7607
64.8707
64.7825
65.1961
64.6933
