12.4857 0.0000 7.4415
19.1639 0.0000 11.4217
10.5697 0.0000 6.2995
11.1506 0.0000 6.6458
12.2431 0.0000 7.2969
7.5430 0.0000 4.4956
9.5881 0.0000 5.7145
15.0645 0.0000 8.9785
5.5954 0.0000 3.3349
12.3177 0.0000 7.3413
16.7400 0.0000 9.9771
15.1234 0.0000 9.0136
7.0138 0.0000 4.1802
15.2247 0.0000 9.0739
6.2047 0.0000 3.6980
14.5746 0.0000 8.6864
3.4003 0.0000 2.0266
4.4900 0.0000 2.6760
7.7639 0.0000 4.6273
11.2251 0.0000 6.6901
19.7462 0.0000 11.7687
16.9452 0.0000 10.0993
4.3558 0.0000 2.5961
12.3083 0.0000 7.3357
6.4217 0.0000 3.8273
11.5507 0.0000 6.8842
6.0028 0.0000 3.5777
8.9494 0.0000 5.3338
10.1542 0.0000 6.0519
9.3932 0.0000 5.5984
3.6726 0.0000 2.1889
6.0399 0.0000 3.5998
3.0381 0.0000 1.8107
4.7116 0.0000 2.8081
12.5139 0.0000 7.4583
10.2191 0.0000 6.0906
9.3095 0.0000 5.5484
10.4501 0.0000 6.2283
15.3664 0.0000 9.1584
13.8587 0.0000 8.2598
10.5828 0.0000 6.3074
15.2316 0.0000 9.0781
16.7193 0.0000 9.9647
15.4024 0.0000 9.1798
9.8860 0.0000 5.8921
3.5822 0.0000 2.1350
12.9972 0.0000 7.7463
13.2237 0.0000 7.8813
3.0561 0.0000 1.8214
8.7938 0.0000 5.2411
13.7171 0.0000 8.1754
9.2411 0.0000 5.5077
15.2528 0.0000 9.0907
7.1340 0.0000 4.2519
12.0225 0.0000 7.1654
9.4360 0.0000 5.6238
9.2733 0.0000 5.5269
7.6147 0.0000 4.5384
7.5888 0.0000 4.5229
20.2257 0.0000 12.0545
8.2474 0.0000 4.9154
11.2854 0.0000 6.7261
15.3347 0.0000 9.1395
15.4058 0.0000 9.1819
8.1190 0.0000 4.8389
3.2325 0.0000 1.9266
10.3423 0.0000 6.1640
5.7482 0.0000 3.4259
5.4157 0.0000 3.2277
8.4163 0.0000 5.0161
7.5684 0.0000 4.5108
5.5980 0.0000 3.3364
6.3660 0.0000 3.7941
6.9976 0.0000 4.1706
14.8026 0.0000 8.8224
8.4975 0.0000 5.0645
7.6610 0.0000 4.5660
8.6417 0.0000 5.1505
12.2825 0.0000 7.3204
14.8308 0.0000 8.8391
7.9129 0.0000 4.7161
6.0443 0.0000 3.6024
8.9273 0.0000 5.3207
9.3990 0.0000 5.6018
20.7485 0.0000 12.3661
11.3659 0.0000 6.7741
6.2479 0.0000 3.7237
9.3351 0.0000 5.5637
10.2755 0.0000 6.1242
7.3324 0.0000 4.3701
6.6688 0.0000 3.9746
22.7457 0.0000 13.5565
16.5633 0.0000 9.8717
11.4454 0.0000 6.8214
9.4217 0.0000 5.6154
6.9500 0.0000 4.1422
5.2095 0.0000 3.1049
9.3466 0.0000 5.5706
5.2653 0.0000 3.1381
10.1943 0.0000 6.0758
3.6820 0.0000 2.1944
19.5316 0.0000 11.6408
7.3559 0.0000 4.3841
3.8793 0.0000 2.3120
15.1527 0.0000 9.0310
11.1583 0.0000 6.6504
13.6005 0.0000 8.1059
7.5018 0.0000 4.4711
7.4512 0.0000 4.4409
6.7030 0.0000 3.9950
6.2302 0.0000 3.7132
9.2742 0.0000 5.5274
16.4856 0.0000 9.8254
7.6285 0.0000 4.5466
11.7589 0.0000 7.0083
19.2648 0.0000 11.4818
10.4490 0.0000 6.2276
6.2952 0.0000 3.7520
10.8425 0.0000 6.4621
9.7553 0.0000 5.8142
15.4617 0.0000 9.2152
4.7939 0.0000 2.8571
8.3001 0.0000 4.9469
8.1282 0.0000 4.8444
11.0022 0.0000 6.5573
11.9337 0.0000 7.1125
21.2047 0.0000 12.6380
9.9407 0.0000 5.9247
11.2148 0.0000 6.6840
9.0502 0.0000 5.3939
8.0494 0.0000 4.7974
9.0982 0.0000 5.4225
10.8009 0.0000 6.4373
18.0353 0.0000 10.7490
7.5504 0.0000 4.5001
6.9454 0.0000 4.1395
5.6678 0.0000 3.3780
5.1140 0.0000 3.0479
10.7604 0.0000 6.4132
14.7720 0.0000 8.8041
8.3052 0.0000 4.9499
7.8666 0.0000 4.6885
6.4168 0.0000 3.8244
7.9735 0.0000 4.7522
7.0290 0.0000 4.1893
11.5875 0.0000 6.9061
22.2216 0.0000 13.2441
8.4336 0.0000 5.0264
3.8802 0.0000 2.3126
14.0468 0.0000 8.3719
6.1726 0.0000 3.6788
7.4794 0.0000 4.4577
7.4158 0.0000 4.4198
11.9647 0.0000 7.1309
7.2233 0.0000 4.3051
10.0625 0.0000 5.9973
5.2563 0.0000 3.1327
2.9825 0.0000 1.7775
10.8800 0.0000 6.4845
2.0367 0.0000 1.2139
11.1419 0.0000 6.6406
10.2590 0.0000 6.1144
3.5439 0.0000 2.1122
4.9840 0.0000 2.9704
11.5789 0.0000 6.9010
6.9554 0.0000 4.1454
15.6693 0.0000 9.3389
9.8051 0.0000 5.8438
16.8225 0.0000 10.0262
8.5545 0.0000 5.0985
9.3550 0.0000 5.5756
10.5016 0.0000 6.2589
8.4937 0.0000 5.0623
9.1187 0.0000 5.4347
16.6015 0.0000 9.8945
15.8044 0.0000 9.4194
10.0397 0.0000 5.9837
4.8658 0.0000 2.9000
16.8267 0.0000 10.0287
4.4582 0.0000 2.6571
8.4967 0.0000 5.0640
9.0757 0.0000 5.4091
6.7236 0.0000 4.0072
14.5150 0.0000 8.6509
8.8340 0.0000 5.2651
6.9768 0.0000 4.1582
5.9238 0.0000 3.5306
11.9321 0.0000 7.1115
4.0587 0.0000 2.4190
17.5271 0.0000 10.4461
13.5598 0.0000 8.0817
6.3665 0.0000 3.7945
4.7890 0.0000 2.8543
9.4858 0.0000 5.6535
8.4425 0.0000 5.0317
6.4490 0.0000 3.8436
6.1318 0.0000 3.6546
3.9057 0.0000 2.3278
19.5834 0.0000 11.6717
10.2037 0.0000 6.0814
4.5987 0.0000 2.7408
13.1856 0.0000 7.8586
9.7189 0.0000 5.7925
6.0893 0.0000 3.6292
15.1703 0.0000 9.0415
11.0729 0.0000 6.5995
10.6068 0.0000 6.3217
14.8232 0.0000 8.8346
10.9708 0.0000 6.5386
8.4903 0.0000 5.0602
8.6660 0.0000 5.1650
11.2102 0.0000 6.6813
2.4788 0.0000 1.4774
11.2250 0.0000 6.6901
18.3357 0.0000 10.9281
12.5784 0.0000 7.4967
13.0697 0.0000 7.7895
16.4167 0.0000 9.7843
15.6460 0.0000 9.3250
2.9245 0.0000 1.7430
12.5216 0.0000 7.4629
13.4277 0.0000 8.0029
10.8292 0.0000 6.4542
10.4063 0.0000 6.2021
13.6412 0.0000 8.1302
12.5822 0.0000 7.4990
6.5755 0.0000 3.9190
5.5728 0.0000 3.3214
11.3419 0.0000 6.7598
13.2617 0.0000 7.9040
27.0480 0.0000 16.1206
6.8412 0.0000 4.0773
9.1995 0.0000 5.4829
12.8142 0.0000 7.6373
10.6730 0.0000 6.3611
10.0681 0.0000 6.0006
10.1277 0.0000 6.0361
17.9132 0.0000 10.6763
18.2030 0.0000 10.8490
14.1394 0.0000 8.4271
6.4622 0.0000 3.8515
15.2466 0.0000 9.0869
11.6767 0.0000 6.9593
14.2882 0.0000 8.5158
9.3258 0.0000 5.5582
6.6460 0.0000 3.9610
9.0807 0.0000 5.4121
6.2022 0.0000 3.6965
13.0974 0.0000 7.8060
3.8398 0.0000 2.2885
7.5546 0.0000 4.5025
6.4643 0.0000 3.8527
7.9289 0.0000 4.7256
6.1344 0.0000 3.6561
14.0009 0.0000 8.3446
5.2220 0.0000 3.1123
20.5785 0.0000 12.2648
24.1684 0.0000 14.4044
20.3801 0.0000 12.1465
5.8952 0.0000 3.5136
7.8891 0.0000 4.7019
5.5283 0.0000 3.2948
7.9180 0.0000 4.7191
19.8372 0.0000 11.8230
10.1270 0.0000 6.0357
15.9994 0.0000 9.5357
11.7913 0.0000 7.0276
3.9870 0.0000 2.3762
8.7511 0.0000 5.2156
9.6583 0.0000 5.7563
10.4195 0.0000 6.2100
8.5503 0.0000 5.0960
7.1539 0.0000 4.2637
5.7706 0.0000 3.4393
12.0083 0.0000 7.1569
22.1923 0.0000 13.2266
13.4225 0.0000 7.9998
10.0534 0.0000 5.9918
14.5277 0.0000 8.6585
12.6719 0.0000 7.5525
11.8488 0.0000 7.0619
11.2184 0.0000 6.6862
12.0223 0.0000 7.1653
2.9560 0.0000 1.7618
7.8883 0.0000 4.7014
6.4795 0.0000 3.8618
11.2331 0.0000 6.6949
6.4804 0.0000 3.8623
17.3857 0.0000 10.3619
13.1099 0.0000 7.8135
2.9369 0.0000 1.7504
8.6324 0.0000 5.1449
14.9163 0.0000 8.8901
18.3988 0.0000 10.9657
12.7094 0.0000 7.5748
11.4369 0.0000 6.8164
13.8660 0.0000 8.2641
8.6116 0.0000 5.1325
16.2363 0.0000 9.6768
11.5582 0.0000 6.8887
7.0905 0.0000 4.2260
11.3418 0.0000 6.7597
13.2520 0.0000 7.8982
10.8752 0.0000 6.4816
6.2245 0.0000 3.7098
8.9832 0.0000 5.3540
10.8290 0.0000 6.4541
7.1399 0.0000 4.2554
10.0350 0.0000 5.9808
6.7171 0.0000 4.0034
9.5078 0.0000 5.6667
6.2116 0.0000 3.7021
6.6985 0.0000 3.9923
11.9048 0.0000 7.0953
6.2035 0.0000 3.6973
8.5493 0.0000 5.0954
9.3115 0.0000 5.5496
3.6650 0.0000 2.1844
17.9941 0.0000 10.7245
13.7210 0.0000 8.1777
12.8555 0.0000 7.6619
2.3860 0.0000 1.4221
10.3143 0.0000 6.1473
7.4568 0.0000 4.4443
13.4784 0.0000 8.0331
13.9399 0.0000 8.3082
13.1888 0.0000 7.8605
8.2313 0.0000 4.9059
5.8933 0.0000 3.5124
12.0638 0.0000 7.1900
9.5422 0.0000 5.6871
14.6205 0.0000 8.7138
8.9951 0.0000 5.3611
8.9113 0.0000 5.3111
11.5094 0.0000 6.8596
11.8580 0.0000 7.0674
7.0070 0.0000 4.1762
8.6489 0.0000 5.1547
13.0117 0.0000 7.7550
8.0312 0.0000 4.7866
5.3598 0.0000 3.1944
7.2772 0.0000 4.3372
10.8798 0.0000 6.4844
7.9151 0.0000 4.7174
10.8838 0.0000 6.4867
5.2277 0.0000 3.1157
12.3755 0.0000 7.3758
14.3089 0.0000 8.5281
4.8171 0.0000 2.8710
15.9545 0.0000 9.5089
10.4214 0.0000 6.2111
16.7608 0.0000 9.9895
7.1242 0.0000 4.2460
14.2015 0.0000 8.4641
5.4311 0.0000 3.2369
14.5217 0.0000 8.6549
12.0013 0.0000 7.1528
9.0331 0.0000 5.3837
14.2951 0.0000 8.5199
12.3462 0.0000 7.3583
19.3229 0.0000 11.5165
16.5447 0.0000 9.8606
6.0760 0.0000 3.6213
10.5086 0.0000 6.2631
6.8752 0.0000 4.0976
6.3569 0.0000 3.7887
5.8319 0.0000 3.4758
7.7423 0.0000 4.6144
8.8680 0.0000 5.2853
10.8521 0.0000 6.4679
20.0501 0.0000 11.9498
10.4604 0.0000 6.2344
10.7966 0.0000 6.4347
12.2945 0.0000 7.3275
9.1561 0.0000 5.4570
11.7388 0.0000 6.9963
13.9650 0.0000 8.3231
16.4856 0.0000 9.8254
17.7694 0.0000 10.5906
8.4358 0.0000 5.0277
12.8218 0.0000 7.6418
8.5260 0.0000 5.0815
13.5542 0.0000 8.0783
10.0240 0.0000 5.9743
5.7624 0.0000 3.4344
9.0510 0.0000 5.3944
23.1388 0.0000 13.7907
4.9640 0.0000 2.9585
15.6628 0.0000 9.3350
10.7144 0.0000 6.3858
9.5523 0.0000 5.6931
19.4762 0.0000 11.6078
9.9793 0.0000 5.9477
10.8158 0.0000 6.4462
7.8494 0.0000 4.6783
8.3630 0.0000 4.9843
9.5477 0.0000 5.6904
4.7736 0.0000 2.8451
2.0160 0.0000 1.2015
9.9012 0.0000 5.9011
16.6972 0.0000 9.9515
11.9724 0.0000 7.1356
10.4297 0.0000 6.2161
8.3536 0.0000 4.9787
13.4387 0.0000 8.0095
7.0880 0.0000 4.2245
11.6880 0.0000 6.9660
4.7503 0.0000 2.8312
12.6342 0.0000 7.5300
8.5554 0.0000 5.0990
10.4472 0.0000 6.2265
3.0709 0.0000 1.8303
8.0469 0.0000 4.7960
5.5829 0.0000 3.3274
14.1354 0.0000 8.4247
11.9237 0.0000 7.1065
11.7221 0.0000 6.9864
7.2497 0.0000 4.3208
20.9507 0.0000 12.4866
9.8843 0.0000 5.8910
13.4247 0.0000 8.0011
12.4474 0.0000 7.4187
9.5900 0.0000 5.7156
9.7561 0.0000 5.8146
7.5877 0.0000 4.5223
25.8940 0.0000 15.4328
14.0120 0.0000 8.3512
11.7263 0.0000 6.9889
3.8765 0.0000 2.3104
9.4781 0.0000 5.6489
10.0166 0.0000 5.9699
13.4633 0.0000 8.0241
14.6911 0.0000 8.7559
11.0937 0.0000 6.6119
9.8585 0.0000 5.8757
7.1392 0.0000 4.2549
9.1097 0.0000 5.4294
