24.3961
24.0317
24.6621
24.2356
24.5813
24.2267
24.7282
24.3720
24.1578
24.1250
23.8194
23.8929
23.9006
23.8728
23.8752
23.9032
23.8465
23.9422
24.0216
23.7818
23.9129
23.7115
23.7554
23.9427
23.9777
23.8227
23.5217
23.5460
23.9189
24.0641
24.0682
23.8678
23.7762
23.9162
24.2548
24.2787
24.3465
24.0689
24.4448
24.2024
24.0520
24.1290
23.8856
23.9313
24.2106
24.2709
24.3135
24.4629
24.1879
24.5630
24.2576
24.5887
24.0550
24.0929
23.8721
24.0174
24.1119
23.8755
24.2138
23.7799
23.7684
23.7413
24.0593
24.0415
24.1395
24.2864
23.8384
24.2094
23.8450
24.1870
24.2302
23.7970
23.5570
23.8504
24.0913
23.9307
23.7297
23.9763
23.4081
23.7762
23.5850
23.7263
23.9177
23.9772
23.6126
23.7424
24.1108
23.9838
24.0889
24.0190
24.0529
23.9140
23.9804
23.9866
23.9414
23.8660
23.8297
23.9442
24.2405
24.1672
24.1559
24.0166
23.9292
24.0081
24.0643
23.8822
23.8910
24.1378
23.8389
24.1130
24.0631
23.8434
23.6804
23.8760
24.2332
23.8430
23.8127
24.0249
23.9667
23.8652
23.8703
23.6313
23.6813
24.0204
23.6338
23.8249
23.8307
23.9334
23.8512
23.6913
23.6304
23.4512
22.8859
23.5430
23.9203
23.5527
23.9677
23.5323
23.7398
23.8689
23.6616
23.9740
23.7736
23.8470
23.6830
23.6214
23.3879
23.3208
23.2411
23.3905
23.3347
23.6313
23.2572
23.3048
23.4873
23.3952
23.3309
23.3595
23.1340
23.5365
23.2562
23.3779
23.4110
23.5358
23.2299
23.1203
23.4852
23.3994
23.1836
23.3762
23.4227
23.4031
23.1063
23.5365
23.4299
23.8553
23.7846
23.7622
24.0333
23.9664
24.1938
23.6121
23.9590
24.0096
23.9290
24.0286
24.0421
24.1271
24.0702
24.1839
23.9665
24.0823
24.2345
23.9238
23.6006
23.6804
23.5649
23.5319
23.9485
23.6967
23.9754
23.9396
23.8572
23.7586
23.8901
23.5964
24.1436
24.0957
23.9787
24.0597
24.0891
24.2129
24.0084
23.6383
23.8676
23.8781
23.8782
23.8592
23.7638
23.8557
23.8562
24.1472
23.8069
23.9719
24.0791
23.9783
24.1589
23.9786
23.8743
23.7977
24.0224
23.8188
23.6302
23.7305
23.5342
23.7355
23.6977
23.7097
23.8862
23.8848
23.8267
23.8316
23.7425
23.9006
23.9316
23.8596
23.7264
23.8852
23.6902
23.6627
23.5777
23.9694
23.9443
24.0869
23.9229
23.8041
23.9269
23.9830
23.7793
24.0132
23.8343
23.8553
23.9971
23.7114
23.6565
23.6368
23.5376
23.7714
23.9539
23.7417
23.9944
23.9519
24.0393
23.7799
23.9175
23.9163
23.7553
23.9047
24.0499
23.9572
24.0129
23.7231
23.8013
23.6341
23.6936
23.8846
23.7291
23.8476
23.5144
23.6535
23.7846
23.7838
23.8125
23.5480
23.6894
23.7734
23.5036
23.6451
23.6552
23.5714
23.9461
23.6728
23.7011
23.7978
23.9826
23.9665
24.0513
23.9861
24.0664
23.9362
23.9162
23.9023
23.6334
24.0652
23.9692
23.5874
23.6333
23.8370
23.7340
23.9410
23.9101
23.8891
23.6724
24.0117
23.6976
23.4914
23.4883
23.6830
23.5626
23.6826
23.9136
23.2939
23.3426
23.5384
23.4888
23.3606
23.1427
23.2282
23.8030
23.5676
23.6791
23.7079
23.6722
23.7828
23.7967
23.6269
23.8864
23.8124
24.0941
23.9980
24.0419
23.9520
23.6876
23.6141
23.7445
23.4732
23.3412
23.4525
23.3467
23.4543
23.3246
23.3047
23.5964
23.2676
23.3890
23.2553
23.4151
23.1502
23.5375
23.2262
23.0600
23.0466
23.2454
23.2885
23.3208
23.3334
23.2533
22.9369
23.2263
23.3322
23.1999
23.3976
23.2194
23.2099
22.9863
22.9733
23.1582
23.0910
23.1769
23.1498
23.0810
23.0894
23.3276
23.4013
23.6143
23.6190
23.3542
23.6027
23.4473
23.3035
23.6347
23.7628
23.6514
23.6954
23.8543
23.7199
23.9281
23.6821
23.4410
23.5479
23.8119
23.9555
23.8516
23.9764
23.8694
23.8228
23.9389
23.5646
23.7802
23.9793
24.0305
23.9507
23.8854
24.1931
23.9584
23.7950
23.8955
23.9082
24.0616
23.9263
23.8189
23.5925
23.8803
23.7585
24.2108
24.3201
23.8659
