65.4758
65.5750
65.4921
65.5956
65.6308
65.2776
65.7525
65.5807
65.0742
64.5895
64.0843
64.0461
64.1535
64.4576
64.2110
64.9767
64.9924
64.3992
63.9094
63.0461
63.1487
63.5224
63.7630
63.9327
64.2788
64.3166
64.1957
64.5822
65.1047
64.7005
64.5794
64.5429
64.0374
64.2350
64.5987
64.9833
65.3321
65.0984
64.9466
65.2689
64.4565
64.6878
64.0397
63.2933
64.0403
64.5784
65.0778
65.0688
64.9113
64.8740
64.6318
64.7912
64.3563
63.5079
64.1784
64.1162
63.9901
63.8387
64.7667
64.8543
64.5914
63.6452
64.5869
64.7165
64.7964
64.1384
63.5405
63.9506
64.2073
63.6832
63.3188
63.4934
63.8718
64.3611
63.9016
63.9338
63.6846
63.2209
63.9652
63.9306
64.1217
64.3875
65.0794
64.5464
64.8458
64.6009
64.6735
65.0512
65.9339
65.4909
65.1828
64.9998
65.3031
65.2296
65.0623
64.4859
65.0408
65.0313
65.2538
65.4561
65.4420
65.6242
65.4187
65.3785
64.9115
64.8233
64.2219
63.9736
64.7243
64.6156
65.1687
64.9908
64.0587
64.2136
64.1282
63.9031
63.7725
64.9393
65.5454
64.4451
64.5649
65.1167
64.8073
65.3765
64.9025
65.2881
64.7327
65.1039
64.9924
64.4308
64.5235
63.9977
64.2645
64.1525
64.5481
63.9189
64.3159
64.6008
64.5406
64.3403
64.5976
64.5077
64.7937
65.9027
66.0395
65.7323
65.8656
65.3417
65.6903
65.7180
65.9900
65.7290
65.7492
65.7886
65.3893
65.5996
65.3841
65.8152
66.0609
65.4883
65.9175
65.5834
64.9014
65.0794
65.0367
64.6752
64.8041
64.6919
65.1836
64.9860
65.7391
66.2837
65.2955
65.1092
65.4186
65.4437
65.2983
65.7861
65.9482
65.5093
65.2212
64.9687
64.9200
65.2214
64.5911
64.6433
64.9052
64.7632
64.7015
64.6684
64.8982
64.3110
63.7454
63.2595
63.5789
63.8101
63.6706
64.3075
63.5594
63.7073
63.8840
64.2672
64.0656
64.3847
64.4504
64.3050
64.3673
63.7423
64.3065
63.6856
64.1698
63.8990
63.0509
63.9232
63.7526
63.3887
63.7478
63.5794
63.1754
64.1498
63.7605
63.7872
63.8457
64.4810
64.2048
63.8776
64.0012
64.4337
63.8509
63.9928
63.7816
64.6660
64.2171
63.7789
64.0516
63.7615
63.6336
63.7670
64.1478
64.2927
64.3607
64.2487
64.5455
64.8548
64.8542
64.3621
63.9000
63.7654
63.4034
63.5591
63.3205
63.5724
64.3650
63.8331
63.7134
63.7447
63.1316
62.6735
63.3668
63.6833
64.0097
63.2764
63.6506
63.7533
63.9323
62.6160
63.1131
63.2248
63.3980
63.3939
63.4256
63.5489
62.8921
63.7794
63.6240
64.0357
63.6817
63.3150
63.5807
63.4577
63.9327
64.3681
64.5584
64.5380
65.2087
65.7261
66.1168
65.1894
64.7895
64.8004
64.3417
63.5810
64.2139
63.5977
63.7396
63.9375
64.2394
64.3572
64.4109
64.7134
63.7494
63.8784
64.0355
63.5599
64.2462
64.0852
64.3304
64.0179
64.5802
63.5878
63.8419
64.8207
63.7525
63.3970
63.2474
64.3113
63.9713
64.6864
64.1137
63.2009
63.5604
63.6153
63.2567
64.2293
63.7546
64.5384
64.4331
63.7622
64.1523
64.1213
64.6381
64.0031
64.3883
64.9739
64.6507
65.4704
65.5701
65.4933
64.7235
64.7534
64.2068
64.1192
64.0734
64.1294
64.9035
64.6553
64.2613
65.2343
64.9688
65.0115
64.0660
64.1847
64.1416
63.9612
64.5711
63.7454
63.9793
63.9548
64.3199
63.7856
64.2692
64.2401
65.1717
64.5198
64.4483
64.3034
63.1831
63.2887
63.5344
63.4307
63.9750
64.2234
63.6076
64.3667
64.4923
64.4005
63.5760
63.9566
64.2780
64.2278
63.7742
63.5065
63.4163
62.6997
63.7931
63.4321
63.4460
64.8632
65.5986
66.1272
63.9066
63.6635
64.2490
63.7421
64.0551
64.1090
64.2504
64.4263
64.2319
64.1728
64.2545
64.1635
63.7198
63.9647
63.7682
64.2556
64.3526
63.8466
64.0406
63.6982
63.6695
63.8108
63.1234
63.8507
63.8038
63.4496
63.7303
63.2638
63.6445
63.6311
63.7426
63.1164
62.5954
61.9360
62.7134
63.1405
63.0368
62.8979
63.1330
63.3933
63.5116
63.2239
63.4851
63.5475
63.7128
63.9683
63.9395
