13.6378 0.0000 8.1282
7.0243 0.0000 4.1865
9.7502 0.0000 5.8111
10.0914 0.0000 6.0145
11.0714 0.0000 6.5985
16.9678 0.0000 10.1128
8.3004 0.0000 4.9470
9.5361 0.0000 5.6835
17.1788 0.0000 10.2386
8.8905 0.0000 5.2987
23.1584 0.0000 13.8024
3.6039 0.0000 2.1479
16.0158 0.0000 9.5454
6.1826 0.0000 3.6848
13.9895 0.0000 8.3378
10.8391 0.0000 6.4601
6.6264 0.0000 3.9494
19.3870 0.0000 11.5547
4.2172 0.0000 2.5134
9.3931 0.0000 5.5983
13.8667 0.0000 8.2645
13.0884 0.0000 7.8007
10.4755 0.0000 6.2434
10.3325 0.0000 6.1582
16.2490 0.0000 9.6844
8.1799 0.0000 4.8752
14.1593 0.0000 8.4390
11.4975 0.0000 6.8525
2.8817 0.0000 1.7175
12.6728 0.0000 7.5530
9.8439 0.0000 5.8670
7.5102 0.0000 4.4761
15.6206 0.0000 9.3099
17.9081 0.0000 10.6732
8.0069 0.0000 4.7721
6.4455 0.0000 3.8415
9.7294 0.0000 5.7987
8.0451 0.0000 4.7949
8.5009 0.0000 5.0666
12.5347 0.0000 7.4707
9.7053 0.0000 5.7843
7.3002 0.0000 4.3509
12.6031 0.0000 7.5114
4.5294 0.0000 2.6995
11.0914 0.0000 6.6105
12.5311 0.0000 7.4685
10.6682 0.0000 6.3583
6.8739 0.0000 4.0969
10.0463 0.0000 5.9876
11.7986 0.0000 7.0319
10.3171 0.0000 6.1490
7.4446 0.0000 4.4370
9.3656 0.0000 5.5819
11.7807 0.0000 7.0213
16.0067 0.0000 9.5400
9.7962 0.0000 5.8385
13.5432 0.0000 8.0718
6.6697 0.0000 3.9751
3.5368 0.0000 2.1080
4.4476 0.0000 2.6508
6.4246 0.0000 3.8291
10.1552 0.0000 6.0525
13.4068 0.0000 7.9904
8.4724 0.0000 5.0496
13.1649 0.0000 7.8463
7.9486 0.0000 4.7374
11.8413 0.0000 7.0574
11.2972 0.0000 6.7331
10.6456 0.0000 6.3448
15.4819 0.0000 9.2272
5.1837 0.0000 3.0895
6.1424 0.0000 3.6609
8.0061 0.0000 4.7716
8.4838 0.0000 5.0564
14.1985 0.0000 8.4623
11.5529 0.0000 6.8855
11.3264 0.0000 6.7505
9.2439 0.0000 5.5094
17.6417 0.0000 10.5144
6.7160 0.0000 4.0027
6.3326 0.0000 3.7742
6.2774 0.0000 3.7413
11.7606 0.0000 7.0093
8.7282 0.0000 5.2020
13.8840 0.0000 8.2748
8.3125 0.0000 4.9543
19.4161 0.0000 11.5720
7.1940 0.0000 4.2876
9.5686 0.0000 5.7029
16.5987 0.0000 9.8928
11.3466 0.0000 6.7626
9.1913 0.0000 5.4780
9.4571 0.0000 5.6364
7.8527 0.0000 4.6802
10.0255 0.0000 5.9752
16.1965 0.0000 9.6531
13.1222 0.0000 7.8209
19.8713 0.0000 11.8433
12.9564 0.0000 7.7220
11.7783 0.0000 7.0198
2.8197 0.0000 1.6805
5.1699 0.0000 3.0813
16.5314 0.0000 9.8527
6.3888 0.0000 3.8077
9.5246 0.0000 5.6767
15.0209 0.0000 8.9524
7.8481 0.0000 4.6775
9.0270 0.0000 5.3801
14.8208 0.0000 8.8332
8.0922 0.0000 4.8229
10.9878 0.0000 6.5487
11.8263 0.0000 7.0485
9.5608 0.0000 5.6982
5.2620 0.0000 3.1362
12.3551 0.0000 7.3637
6.3915 0.0000 3.8093
14.0624 0.0000 8.3812
13.5702 0.0000 8.0878
9.6040 0.0000 5.7240
13.0403 0.0000 7.7720
10.0546 0.0000 5.9926
14.0117 0.0000 8.3510
13.9479 0.0000 8.3130
4.2384 0.0000 2.5261
15.6284 0.0000 9.3145
6.7958 0.0000 4.0503
11.0775 0.0000 6.6022
11.4553 0.0000 6.8273
11.3978 0.0000 6.7931
13.8644 0.0000 8.2632
9.6925 0.0000 5.7767
14.1334 0.0000 8.4235
18.2779 0.0000 10.8936
8.1361 0.0000 4.8491
9.4354 0.0000 5.6235
9.0153 0.0000 5.3731
8.8234 0.0000 5.2587
14.2924 0.0000 8.5183
2.4526 0.0000 1.4618
7.7999 0.0000 4.6488
12.5204 0.0000 7.4622
8.5974 0.0000 5.1240
17.7314 0.0000 10.5679
6.7151 0.0000 4.0022
10.1122 0.0000 6.0268
13.2253 0.0000 7.8823
8.5890 0.0000 5.1191
15.2739 0.0000 9.1033
17.0570 0.0000 10.1660
11.9773 0.0000 7.1385
11.1349 0.0000 6.6364
12.9375 0.0000 7.7107
10.0831 0.0000 6.0096
14.8659 0.0000 8.8601
8.1597 0.0000 4.8632
5.0290 0.0000 2.9973
11.3117 0.0000 6.7418
8.2531 0.0000 4.9188
11.8144 0.0000 7.0414
10.0228 0.0000 5.9736
2.3712 0.0000 1.4132
11.9436 0.0000 7.1184
11.9418 0.0000 7.1173
13.0739 0.0000 7.7921
6.9105 0.0000 4.1186
5.5806 0.0000 3.3260
5.8394 0.0000 3.4803
7.6097 0.0000 4.5354
13.0060 0.0000 7.7516
13.2510 0.0000 7.8976
12.5051 0.0000 7.4531
5.1064 0.0000 3.0434
15.0401 0.0000 8.9639
8.1196 0.0000 4.8393
13.9007 0.0000 8.2848
4.1644 0.0000 2.4820
16.4452 0.0000 9.8013
7.0273 0.0000 4.1883
5.2357 0.0000 3.1205
17.1273 0.0000 10.2079
12.7701 0.0000 7.6110
8.4598 0.0000 5.0420
13.0839 0.0000 7.7980
4.3837 0.0000 2.6127
8.5659 0.0000 5.1053
17.9177 0.0000 10.6790
4.0503 0.0000 2.4140
8.8725 0.0000 5.2880
4.3312 0.0000 2.5814
6.6921 0.0000 3.9885
8.2079 0.0000 4.8919
11.4279 0.0000 6.8111
10.5944 0.0000 6.3143
12.1029 0.0000 7.2133
17.6637 0.0000 10.5276
11.8888 0.0000 7.0857
10.1171 0.0000 6.0298
10.5690 0.0000 6.2991
10.6148 0.0000 6.3264
9.5720 0.0000 5.7049
9.3454 0.0000 5.5698
4.7129 0.0000 2.8089
4.5732 0.0000 2.7257
8.2429 0.0000 4.9128
10.1778 0.0000 6.0660
4.9156 0.0000 2.9297
14.4770 0.0000 8.6283
10.6273 0.0000 6.3339
9.1765 0.0000 5.4692
15.4210 0.0000 9.1909
8.7241 0.0000 5.1996
7.1274 0.0000 4.2479
14.3340 0.0000 8.5431
8.6265 0.0000 5.1414
10.5999 0.0000 6.3176
9.0110 0.0000 5.3705
9.0654 0.0000 5.4030
7.3115 0.0000 4.3577
15.1621 0.0000 9.0366
10.0749 0.0000 6.0046
10.6777 0.0000 6.3639
9.7077 0.0000 5.7858
12.6170 0.0000 7.5197
19.7768 0.0000 11.7870
9.3025 0.0000 5.5443
7.3704 0.0000 4.3928
6.8312 0.0000 4.0714
5.5886 0.0000 3.3308
7.7624 0.0000 4.6264
15.5014 0.0000 9.2388
5.7656 0.0000 3.4363
10.7688 0.0000 6.4182
5.1070 0.0000 3.0438
11.7801 0.0000 7.0209
10.4159 0.0000 6.2079
6.1498 0.0000 3.6653
4.2805 0.0000 2.5512
8.3440 0.0000 4.9730
12.1717 0.0000 7.2543
11.1474 0.0000 6.6439
4.2401 0.0000 2.5271
5.1575 0.0000 3.0739
12.7980 0.0000 7.6276
7.4720 0.0000 4.4533
7.9642 0.0000 4.7467
10.3738 0.0000 6.1828
1.3875 0.0000 0.8269
17.3890 0.0000 10.3638
9.6861 0.0000 5.7729
13.8455 0.0000 8.2519
24.1331 0.0000 14.3833
9.7241 0.0000 5.7956
18.6812 0.0000 11.1340
13.6196 0.0000 8.1173
7.8097 0.0000 4.6546
15.6505 0.0000 9.3277
12.8962 0.0000 7.6861
6.8058 0.0000 4.0563
13.4228 0.0000 8.0000
10.4843 0.0000 6.2486
4.9602 0.0000 2.9563
11.8799 0.0000 7.0804
7.5333 0.0000 4.4898
7.2209 0.0000 4.3037
5.5929 0.0000 3.3334
12.7231 0.0000 7.5830
9.2106 0.0000 5.4895
6.0852 0.0000 3.6268
13.5216 0.0000 8.0589
9.3482 0.0000 5.5715
7.6336 0.0000 4.5496
9.6518 0.0000 5.7525
6.0386 0.0000 3.5990
13.0672 0.0000 7.7881
7.0446 0.0000 4.1986
19.2338 0.0000 11.4633
6.1564 0.0000 3.6692
11.0511 0.0000 6.5865
3.9340 0.0000 2.3447
3.2140 0.0000 1.9155
19.5894 0.0000 11.6753
11.6198 0.0000 6.9254
3.6401 0.0000 2.1695
9.8233 0.0000 5.8547
6.5996 0.0000 3.9334
9.9446 0.0000 5.9270
8.4893 0.0000 5.0596
11.4826 0.0000 6.8436
3.5465 0.0000 2.1137
5.4337 0.0000 3.2385
10.5140 0.0000 6.2664
3.1973 0.0000 1.9056
7.5694 0.0000 4.5114
11.5192 0.0000 6.8655
13.7250 0.0000 8.1801
9.7934 0.0000 5.8368
11.5690 0.0000 6.8951
19.7417 0.0000 11.7661
11.8749 0.0000 7.0775
16.7369 0.0000 9.9752
5.5774 0.0000 3.3241
4.0242 0.0000 2.3984
16.3315 0.0000 9.7336
5.9238 0.0000 3.5306
6.8466 0.0000 4.0806
14.1244 0.0000 8.4182
12.0496 0.0000 7.1816
8.8378 0.0000 5.2673
10.4745 0.0000 6.2428
9.2544 0.0000 5.5156
9.3788 0.0000 5.5898
12.2330 0.0000 7.2909
6.5466 0.0000 3.9018
7.8443 0.0000 4.6752
6.9126 0.0000 4.1199
9.3351 0.0000 5.5637
2.9093 0.0000 1.7340
5.4768 0.0000 3.2642
9.2947 0.0000 5.5396
8.4681 0.0000 5.0470
7.0435 0.0000 4.1979
10.7256 0.0000 6.3925
4.8912 0.0000 2.9152
12.9704 0.0000 7.7304
11.0842 0.0000 6.6062
5.7283 0.0000 3.4141
6.1655 0.0000 3.6746
3.9128 0.0000 2.3320
9.2633 0.0000 5.5210
5.6828 0.0000 3.3869
12.6099 0.0000 7.5155
5.7044 0.0000 3.3998
10.0459 0.0000 5.9874
8.9306 0.0000 5.3227
14.0099 0.0000 8.3499
15.5833 0.0000 9.2877
7.3377 0.0000 4.3733
11.0275 0.0000 6.5724
14.0945 0.0000 8.4003
17.4456 0.0000 10.3976
10.4427 0.0000 6.2239
6.0694 0.0000 3.6174
2.8310 0.0000 1.6873
11.5822 0.0000 6.9030
9.4191 0.0000 5.6138
6.9715 0.0000 4.1550
3.0356 0.0000 1.8092
10.4125 0.0000 6.2058
10.4958 0.0000 6.2555
5.7332 0.0000 3.4170
9.3003 0.0000 5.5430
10.6077 0.0000 6.3222
9.5507 0.0000 5.6922
10.7997 0.0000 6.4366
23.7019 0.0000 14.1263
7.1724 0.0000 4.2747
7.4635 0.0000 4.4482
17.5988 0.0000 10.4889
9.7526 0.0000 5.8125
12.9523 0.0000 7.7196
16.5085 0.0000 9.8391
13.2764 0.0000 7.9128
4.6397 0.0000 2.7653
17.2286 0.0000 10.2682
3.3918 0.0000 2.0215
6.2232 0.0000 3.7090
7.0915 0.0000 4.2265
8.2362 0.0000 4.9088
6.1360 0.0000 3.6570
12.8136 0.0000 7.6369
10.5702 0.0000 6.2998
13.0653 0.0000 7.7869
11.7368 0.0000 6.9951
15.0660 0.0000 8.9793
16.7701 0.0000 9.9950
13.4968 0.0000 8.0441
9.1375 0.0000 5.4460
6.1527 0.0000 3.6670
4.9666 0.0000 2.9601
5.1898 0.0000 3.0931
10.8772 0.0000 6.4828
6.6290 0.0000 3.9509
11.0903 0.0000 6.6098
5.7904 0.0000 3.4511
6.0431 0.0000 3.6017
8.4278 0.0000 5.0230
9.2440 0.0000 5.5094
8.4816 0.0000 5.0550
8.7536 0.0000 5.2171
8.0733 0.0000 4.8117
14.6169 0.0000 8.7117
11.8429 0.0000 7.0584
6.3928 0.0000 3.8101
11.1027 0.0000 6.6172
12.3700 0.0000 7.3725
8.1045 0.0000 4.8303
13.7168 0.0000 8.1752
11.2150 0.0000 6.6842
14.2754 0.0000 8.5081
8.5864 0.0000 5.1175
5.5701 0.0000 3.3198
10.3904 0.0000 6.1926
19.7483 0.0000 11.7700
8.1297 0.0000 4.8453
6.4031 0.0000 3.8163
9.0814 0.0000 5.4125
7.1037 0.0000 4.2338
11.5568 0.0000 6.8879
13.5612 0.0000 8.0825
7.9373 0.0000 4.7307
8.7722 0.0000 5.2282
11.7794 0.0000 7.0205
8.2968 0.0000 4.9449
15.0115 0.0000 8.9469
14.8963 0.0000 8.8782
14.5281 0.0000 8.6588
2.7891 0.0000 1.6623
12.0525 0.0000 7.1833
14.3933 0.0000 8.5784
10.5323 0.0000 6.2773
15.2405 0.0000 9.0833
10.0833 0.0000 6.0096
7.0344 0.0000 4.1925
11.2267 0.0000 6.6911
20.5837 0.0000 12.2679
5.5310 0.0000 3.2964
15.6220 0.0000 9.3107
4.7589 0.0000 2.8363
8.8584 0.0000 5.2796
13.2072 0.0000 7.8715
11.8312 0.0000 7.0514
7.5533 0.0000 4.5018
8.1721 0.0000 4.8706
6.8187 0.0000 4.0639
7.4026 0.0000 4.4120
12.4769 0.0000 7.4362
7.2002 0.0000 4.2913
