1.421458 0.000000 0.847331
1.493765 0.000000 0.890433
1.461017 0.000000 0.870912
1.457261 0.000000 0.868673
1.446812 0.000000 0.862444
1.391896 0.000000 0.829709
1.477766 0.000000 0.880896
1.463409 0.000000 0.872338
1.390126 0.000000 0.828654
1.470785 0.000000 0.876735
1.343828 0.000000 0.801056
1.545913 0.000000 0.921519
1.400027 0.000000 0.834556
1.505129 0.000000 0.897207
1.418177 0.000000 0.845375
1.449245 0.000000 0.863895
1.499046 0.000000 0.893581
1.372210 0.000000 0.817974
1.535152 0.000000 0.915104
1.465020 0.000000 0.873298
1.419319 0.000000 0.846056
1.426670 0.000000 0.850438
1.453107 0.000000 0.866197
1.454645 0.000000 0.867114
1.398013 0.000000 0.833356
1.479221 0.000000 0.881763
1.416608 0.000000 0.844440
1.442413 0.000000 0.859822
1.559843 0.000000 0.929822
1.430686 0.000000 0.852832
1.459979 0.000000 0.870294
1.487514 0.000000 0.886707
1.403472 0.000000 0.836610
1.384088 0.000000 0.825055
1.481329 0.000000 0.883020
1.501501 0.000000 0.895045
1.461249 0.000000 0.871050
1.480862 0.000000 0.882742
1.475366 0.000000 0.879466
1.432035 0.000000 0.853636
1.461517 0.000000 0.871210
1.490190 0.000000 0.888302
1.431366 0.000000 0.853237
1.529974 0.000000 0.912017
1.446603 0.000000 0.862320
1.432070 0.000000 0.853657
1.451052 0.000000 0.864972
1.495743 0.000000 0.891612
1.457754 0.000000 0.868967
1.439354 0.000000 0.857999
1.454811 0.000000 0.867213
1.488346 0.000000 0.887203
1.465332 0.000000 0.873484
1.439535 0.000000 0.858107
1.400106 0.000000 0.834603
1.460507 0.000000 0.870608
1.422348 0.000000 0.847862
1.498465 0.000000 0.893235
1.547144 0.000000 0.922253
1.531312 0.000000 0.912815
1.501786 0.000000 0.895214
1.456566 0.000000 0.868259
1.423637 0.000000 0.848630
1.475706 0.000000 0.879668
1.425939 0.000000 0.850002
1.482045 0.000000 0.883447
1.438923 0.000000 0.857742
1.444470 0.000000 0.861049
1.451293 0.000000 0.865116
1.404692 0.000000 0.837337
1.519672 0.000000 0.905877
1.505691 0.000000 0.897542
1.481339 0.000000 0.883026
1.475570 0.000000 0.879587
1.416247 0.000000 0.844225
1.441847 0.000000 0.859485
1.444169 0.000000 0.860869
1.466715 0.000000 0.874309
1.386279 0.000000 0.826361
1.497844 0.000000 0.892865
1.503050 0.000000 0.895968
1.503812 0.000000 0.896422
1.439738 0.000000 0.858228
1.472681 0.000000 0.877865
1.419158 0.000000 0.845960
1.477620 0.000000 0.880809
1.371981 0.000000 0.817838
1.491558 0.000000 0.889118
1.463044 0.000000 0.872120
1.395021 0.000000 0.831572
1.443961 0.000000 0.860745
1.467315 0.000000 0.874667
1.464298 0.000000 0.872868
1.483228 0.000000 0.884152
1.457982 0.000000 0.869103
1.398465 0.000000 0.833625
1.426346 0.000000 0.850245
1.368420 0.000000 0.815715
1.427939 0.000000 0.851194
1.439559 0.000000 0.858121
1.561116 0.000000 0.930581
1.519883 0.000000 0.906002
1.395594 0.000000 0.831914
1.502277 0.000000 0.895507
1.463537 0.000000 0.872414
1.408785 0.000000 0.839777
1.483285 0.000000 0.884186
1.469204 0.000000 0.875792
1.410581 0.000000 0.840847
1.480288 0.000000 0.882399
1.447685 0.000000 0.862965
1.439075 0.000000 0.857832
1.463131 0.000000 0.872173
1.518484 0.000000 0.905168
1.433800 0.000000 0.854688
1.502240 0.000000 0.895485
1.417502 0.000000 0.844973
1.422094 0.000000 0.847710
1.462647 0.000000 0.871884
1.427132 0.000000 0.850713
1.457663 0.000000 0.868913
1.417972 0.000000 0.845253
1.418563 0.000000 0.845605
1.534793 0.000000 0.914890
1.403404 0.000000 0.836569
1.496780 0.000000 0.892230
1.446748 0.000000 0.862406
1.442845 0.000000 0.860080
1.443434 0.000000 0.860431
1.419340 0.000000 0.846069
1.461660 0.000000 0.871295
1.416846 0.000000 0.844582
1.381073 0.000000 0.823258
1.479752 0.000000 0.882080
1.464542 0.000000 0.873013
1.469339 0.000000 0.875873
1.471567 0.000000 0.877201
1.415384 0.000000 0.843710
1.568960 0.000000 0.935257
1.483883 0.000000 0.884542
1.432175 0.000000 0.853719
1.474222 0.000000 0.878784
1.385539 0.000000 0.825920
1.497856 0.000000 0.892872
1.457035 0.000000 0.868538
1.425362 0.000000 0.849658
1.474321 0.000000 0.878843
1.406531 0.000000 0.838433
1.391147 0.000000 0.829263
1.437556 0.000000 0.856927
1.446150 0.000000 0.862050
1.428121 0.000000 0.851303
1.457351 0.000000 0.868727
1.410175 0.000000 0.840605
1.479466 0.000000 0.881909
1.522046 0.000000 0.907292
1.444321 0.000000 0.860960
1.478335 0.000000 0.881236
1.439194 0.000000 0.857904
1.458012 0.000000 0.869121
1.570778 0.000000 0.936341
1.437895 0.000000 0.857129
1.437913 0.000000 0.857140
1.426809 0.000000 0.850521
1.495260 0.000000 0.891325
1.513739 0.000000 0.902340
1.509984 0.000000 0.900101
1.486259 0.000000 0.885959
1.427462 0.000000 0.850910
1.425117 0.000000 0.849512
1.432325 0.000000 0.853809
1.520855 0.000000 0.906581
1.408613 0.000000 0.839674
1.479954 0.000000 0.882200
1.419002 0.000000 0.845867
1.536045 0.000000 0.915636
1.396331 0.000000 0.832353
1.493726 0.000000 0.890410
1.518883 0.000000 0.905406
1.390558 0.000000 0.828911
1.429740 0.000000 0.852268
1.475857 0.000000 0.879758
1.426713 0.000000 0.850464
1.532368 0.000000 0.913444
1.474595 0.000000 0.879006
1.384009 0.000000 0.825008
1.537999 0.000000 0.916801
1.470995 0.000000 0.876860
1.533239 0.000000 0.913964
1.498164 0.000000 0.893055
1.478882 0.000000 0.881562
1.443125 0.000000 0.860247
1.451837 0.000000 0.865440
1.436302 0.000000 0.856179
1.386098 0.000000 0.826253
1.438445 0.000000 0.857457
1.456980 0.000000 0.868506
1.452108 0.000000 0.865601
1.451620 0.000000 0.865311
1.463006 0.000000 0.872098
1.465561 0.000000 0.873621
1.527013 0.000000 0.910253
1.529261 0.000000 0.911592
1.478459 0.000000 0.881309
1.456320 0.000000 0.868112
1.523810 0.000000 0.908343
1.413696 0.000000 0.842704
1.451487 0.000000 0.865231
1.467485 0.000000 0.874768
1.405229 0.000000 0.837657
1.472729 0.000000 0.877894
1.492422 0.000000 0.889632
1.415003 0.000000 0.843483
1.473878 0.000000 0.878578
1.451778 0.000000 0.865405
1.469389 0.000000 0.875902
1.468761 0.000000 0.875528
1.490045 0.000000 0.888216
1.407525 0.000000 0.839025
1.457442 0.000000 0.868781
1.450952 0.000000 0.864912
1.461490 0.000000 0.871194
1.431231 0.000000 0.853157
1.369155 0.000000 0.816153
1.466048 0.000000 0.873911
1.489291 0.000000 0.887766
1.496309 0.000000 0.891949
1.513621 0.000000 0.902270
1.484349 0.000000 0.884820
1.404520 0.000000 0.837235
1.511045 0.000000 0.900734
1.449987 0.000000 0.864337
1.520845 0.000000 0.906576
1.439541 0.000000 0.858110
1.453747 0.000000 0.866579
1.505587 0.000000 0.897480
1.534086 0.000000 0.914469
1.477241 0.000000 0.880584
1.435617 0.000000 0.855771
1.446021 0.000000 0.861973
1.534765 0.000000 0.914873
1.520072 0.000000 0.906115
1.429469 0.000000 0.852107
1.487998 0.000000 0.886996
1.481853 0.000000 0.883333
1.454200 0.000000 0.866848
1.595880 0.000000 0.951304
1.388373 0.000000 0.827609
1.461731 0.000000 0.871338
1.419516 0.000000 0.846173
1.336877 0.000000 0.796912
1.461307 0.000000 0.871085
1.377820 0.000000 0.821318
1.421629 0.000000 0.847433
1.483762 0.000000 0.884470
1.403210 0.000000 0.836453
1.428520 0.000000 0.851541
1.496646 0.000000 0.892151
1.423485 0.000000 0.848539
1.453013 0.000000 0.866141
1.523114 0.000000 0.907928
1.438534 0.000000 0.857510
1.487222 0.000000 0.886533
1.491210 0.000000 0.888910
1.513559 0.000000 0.902232
1.430197 0.000000 0.852540
1.467096 0.000000 0.874536
1.506492 0.000000 0.898020
1.422552 0.000000 0.847983
1.465529 0.000000 0.873602
1.485959 0.000000 0.885780
1.462113 0.000000 0.871566
1.507148 0.000000 0.898411
1.426874 0.000000 0.850559
1.493499 0.000000 0.890275
1.373419 0.000000 0.818695
1.505495 0.000000 0.897425
1.447023 0.000000 0.862571
1.540016 0.000000 0.918004
1.553240 0.000000 0.925886
1.370620 0.000000 0.817027
1.441166 0.000000 0.859079
1.545253 0.000000 0.921126
1.460207 0.000000 0.870429
1.499408 0.000000 0.893797
1.458869 0.000000 0.869632
1.475504 0.000000 0.879548
1.442565 0.000000 0.859913
1.546967 0.000000 0.922147
1.515910 0.000000 0.903634
1.452695 0.000000 0.865951
1.553562 0.000000 0.926078
1.486766 0.000000 0.886261
1.442191 0.000000 0.859690
1.420642 0.000000 0.846844
1.460539 0.000000 0.870627
1.441682 0.000000 0.859387
1.369429 0.000000 0.816317
1.438584 0.000000 0.857540
1.393847 0.000000 0.830872
1.513786 0.000000 0.902368
1.538449 0.000000 0.917069
1.397305 0.000000 0.832933
1.508776 0.000000 0.899382
1.496104 0.000000 0.891828
1.416929 0.000000 0.844631
1.436833 0.000000 0.856496
1.471399 0.000000 0.877101
1.453118 0.000000 0.866204
1.466595 0.000000 0.874237
1.465182 0.000000 0.873395
1.435008 0.000000 0.855408
1.500125 0.000000 0.894225
1.483332 0.000000 0.884214
1.495232 0.000000 0.891308
1.465677 0.000000 0.873690
1.559279 0.000000 0.929486
1.515269 0.000000 0.903252
1.466137 0.000000 0.873964
1.475757 0.000000 0.879698
1.493514 0.000000 0.890284
1.450444 0.000000 0.864610
1.524192 0.000000 0.908571
1.427804 0.000000 0.851114
1.446678 0.000000 0.862365
1.511585 0.000000 0.901056
1.505367 0.000000 0.897349
1.540388 0.000000 0.918225
1.466493 0.000000 0.874177
1.512246 0.000000 0.901450
1.431300 0.000000 0.853198
1.511932 0.000000 0.901263
1.457758 0.000000 0.868970
1.470319 0.000000 0.876457
1.417988 0.000000 0.845263
1.403799 0.000000 0.836805
1.489709 0.000000 0.888016
1.447270 0.000000 0.862717
1.417206 0.000000 0.844796
1.387902 0.000000 0.827329
1.453459 0.000000 0.866407
1.506715 0.000000 0.898152
1.560882 0.000000 0.930442
1.441549 0.000000 0.859307
1.464726 0.000000 0.873123
1.494458 0.000000 0.890846
1.556739 0.000000 0.927972
1.453784 0.000000 0.866600
1.452890 0.000000 0.866068
1.511515 0.000000 0.901014
1.466073 0.000000 0.873926
1.451696 0.000000 0.865356
1.463245 0.000000 0.872240
1.449661 0.000000 0.864143
1.339934 0.000000 0.798735
1.491838 0.000000 0.889284
1.488106 0.000000 0.887060
1.386633 0.000000 0.826572
1.460991 0.000000 0.870897
1.427978 0.000000 0.851218
1.395790 0.000000 0.832030
1.424875 0.000000 0.849368
1.528187 0.000000 0.910952
1.389710 0.000000 0.828406
1.549847 0.000000 0.923864
1.504564 0.000000 0.896870
1.492888 0.000000 0.889910
1.478540 0.000000 0.881358
1.505780 0.000000 0.897595
1.429318 0.000000 0.852017
1.452096 0.000000 0.865594
1.426892 0.000000 0.850570
1.439978 0.000000 0.858371
1.408383 0.000000 0.839537
1.393566 0.000000 0.830704
1.422786 0.000000 0.848123
1.467932 0.000000 0.875034
1.505546 0.000000 0.897456
1.523015 0.000000 0.907869
1.519580 0.000000 0.905822
1.448844 0.000000 0.863656
1.499011 0.000000 0.893561
1.446614 0.000000 0.862327
1.510688 0.000000 0.900521
1.507086 0.000000 0.898374
1.476238 0.000000 0.879985
1.466714 0.000000 0.874308
1.475596 0.000000 0.879603
1.472383 0.000000 0.877688
1.480517 0.000000 0.882536
1.412424 0.000000 0.841946
1.438907 0.000000 0.857732
1.502222 0.000000 0.895474
1.446486 0.000000 0.862250
1.433654 0.000000 0.854601
1.480137 0.000000 0.882310
1.420718 0.000000 0.846890
1.445319 0.000000 0.861555
1.415540 0.000000 0.843804
1.474352 0.000000 0.878861
1.513893 0.000000 0.902432
1.454022 0.000000 0.866742
1.369377 0.000000 0.816286
1.479831 0.000000 0.882127
1.502080 0.000000 0.895390
1.468577 0.000000 0.875419
1.492729 0.000000 0.889816
1.441807 0.000000 0.859461
1.422179 0.000000 0.847761
1.482184 0.000000 0.883530
1.472166 0.000000 0.877558
1.439547 0.000000 0.858114
1.477809 0.000000 0.880922
1.408869 0.000000 0.839827
1.409903 0.000000 0.840443
1.413231 0.000000 0.842427
1.561748 0.000000 0.930958
1.436804 0.000000 0.856479
1.414461 0.000000 0.843160
1.452499 0.000000 0.865835
1.406828 0.000000 0.838610
1.457350 0.000000 0.868726
1.493634 0.000000 0.890355
1.445199 0.000000 0.861483
1.362926 0.000000 0.812440
1.514469 0.000000 0.902775
1.403460 0.000000 0.836602
1.526281 0.000000 0.909816
1.471158 0.000000 0.876957
1.425534 0.000000 0.849761
1.439025 0.000000 0.857803
1.486969 0.000000 0.886382
1.479316 0.000000 0.881820
1.496475 0.000000 0.892049
1.488880 0.000000 0.887521
1.432602 0.000000 0.853974
1.491478 0.000000 0.889070
