65.2301
64.5183
64.7456
64.3559
65.3803
64.0857
64.6758
64.5807
64.4332
63.6185
62.8860
62.7898
63.5086
63.8652
64.0491
64.3825
64.1445
63.5135
63.1868
62.5321
62.6720
62.4916
62.9800
63.3838
63.8459
63.4066
63.4803
64.0750
63.9797
63.9422
63.7974
63.9059
63.5592
63.0853
63.8675
63.8589
63.6821
64.3687
64.1751
63.3493
63.0294
64.0838
63.7429
63.4576
63.1415
63.8940
64.2307
64.2567
64.8774
63.9637
63.4177
63.3791
63.7352
63.5444
63.9833
64.2490
65.1396
65.2499
65.8063
65.4407
64.5409
64.5155
64.2037
64.5472
64.8585
64.4047
64.3900
64.4901
64.7012
64.2264
65.2268
65.4305
65.6596
64.5936
64.7266
64.7159
64.5502
64.0382
64.1537
64.1093
64.6298
63.8783
64.0968
63.5712
64.3674
64.2489
63.7684
63.4041
63.6704
64.0747
64.3458
63.8218
63.5319
63.9240
63.6872
63.4630
63.7189
64.2527
64.2491
63.9517
64.3088
64.7533
64.3283
64.1534
65.1739
64.5141
64.3636
63.7833
64.5956
64.9129
64.5799
64.3366
63.8881
63.6182
63.5048
63.7097
63.9741
64.5143
64.4432
63.9515
64.6884
64.2248
63.9132
64.1718
64.1390
64.1525
63.5361
64.2144
63.9744
63.5812
64.1962
64.4580
64.0553
64.2116
64.0247
63.5743
63.4602
64.0626
64.3088
63.7730
64.2065
63.8838
64.2838
64.9897
65.1850
64.9247
64.2422
63.5145
63.9876
63.7942
64.1831
63.5809
63.9577
63.5368
64.3483
63.6931
63.5113
63.6114
64.1158
64.1662
64.2874
64.2277
64.1322
64.1218
64.0081
64.0442
64.7050
64.5818
64.7045
65.3068
64.7704
65.4102
64.7461
64.0174
63.6682
64.0438
63.5043
63.4469
63.6274
63.8353
64.1617
64.0903
64.4186
64.2703
63.2708
63.9753
63.8997
63.6621
63.3875
63.7480
63.7992
64.0297
64.6959
64.0296
64.0161
64.3221
64.1116
64.1481
64.2837
64.0866
63.3168
63.3692
63.1416
63.8160
64.0070
64.0979
64.2369
63.8642
63.7724
64.0526
64.0700
63.7081
63.7221
63.8117
64.0638
63.7952
64.1060
64.4781
64.3630
64.3656
64.4059
63.9616
63.8519
64.0129
63.9741
64.3577
64.2656
64.6817
63.9007
63.3082
63.2368
63.7236
63.3547
63.4421
63.6408
62.4397
62.8032
63.3457
62.9254
63.1486
64.2512
63.7293
62.8901
63.3129
63.7402
63.3915
63.9902
63.7004
64.0498
63.9238
63.5084
62.9270
64.1729
63.1751
63.1169
63.9521
64.1323
63.3894
62.6716
63.0984
63.1669
62.3760
62.3264
61.9747
62.0325
61.9030
61.9032
61.4719
61.0926
61.8579
62.4666
62.5909
62.4241
63.4885
63.0433
62.5963
62.1335
62.9489
63.3813
62.8319
62.3929
62.1900
61.7789
61.8528
61.4875
61.2986
61.9671
61.1605
61.3053
62.0346
61.8031
61.1283
61.6160
61.5127
61.5236
62.0432
61.3707
61.5565
61.3313
60.9112
60.8338
61.4959
61.5639
62.2156
61.9038
62.5514
62.8284
62.3454
63.1510
61.8930
62.2772
62.8424
62.3821
61.6393
61.6225
62.3265
62.1895
61.9678
62.0328
62.2637
62.3410
62.5676
62.6785
63.4866
63.4977
63.6941
64.4128
64.2434
63.8374
63.8689
63.6548
63.5878
63.6691
63.8732
63.9725
63.6367
62.1839
62.3267
62.5503
62.1273
62.3476
62.0498
62.4501
62.8759
63.1707
62.9598
63.0280
63.8868
63.7384
63.3939
63.9160
63.5153
63.1854
63.3628
63.7675
63.1723
62.6692
62.9964
63.1775
63.3649
63.4919
63.5787
63.1671
63.1779
62.8429
62.5213
62.0078
62.4664
62.8209
62.8755
63.1801
63.3056
62.9901
63.0108
63.4207
63.5417
62.6301
63.1585
63.3985
63.7892
63.9361
64.0588
63.5228
63.8188
63.6134
62.9051
62.6527
63.1395
63.1390
63.4394
63.1006
63.7674
63.8695
62.7127
62.9725
63.3456
63.1748
63.2772
63.3738
63.5823
63.7590
63.5507
63.1571
63.4453
63.4946
63.4465
64.0455
63.8623
64.4897
64.0827
64.2141
64.3300
63.8665
63.9589
64.2433
64.6041
64.8648
64.4242
64.1936
63.8407
63.4309
63.0552
63.1170
62.5149
62.7314
63.1161
62.8910
62.4015
62.8195
63.0647
62.9843
62.9321
63.3878
63.1435
63.4994
63.6162
63.7531
63.9569
63.5412
63.6886
63.5736
64.0165
64.0519
63.0216
63.0690
63.0480
63.3897
63.9829
63.0234
62.8589
62.9174
62.8710
63.8090
63.8857
63.1253
62.9502
62.7042
62.1676
62.2701
62.1246
62.5623
63.0145
62.6987
62.9653
62.8152
62.1044
62.8530
62.6840
62.7131
62.5825
63.1396
63.2870
64.0584
64.1560
64.0918
63.9996
63.9878
63.6994
63.4610
63.3625
62.4861
62.2408
62.8458
64.0534
63.6234
63.3486
63.8269
63.4561
63.4411
63.4060
63.5487
63.8720
63.7563
63.3086
62.9884
62.5396
62.0353
61.9599
62.2849
62.9731
62.0233
62.7249
62.1862
62.3279
61.7979
62.4463
62.1375
62.5141
62.8313
63.3328
62.9206
62.3727
62.5428
62.1769
61.8287
62.0509
61.8940
