22.7021
22.7219
22.9419
22.4082
22.8922
22.9746
23.0787
23.0664
23.1603
22.8685
22.8807
23.0552
22.8685
22.6831
23.0399
22.8430
22.9454
23.0291
23.0055
22.9097
22.9862
22.4180
22.7243
22.9150
23.0792
23.0155
22.8862
22.9835
23.1751
22.9398
23.0897
22.8528
23.0411
23.0691
23.1735
23.2818
23.2246
23.0920
23.6858
22.9399
23.2263
23.1272
23.0786
22.8880
23.1846
22.9508
22.9350
23.1880
22.9842
22.8163
22.9303
23.0248
23.0125
23.1038
23.0646
23.0910
23.1433
23.0142
23.0827
22.8797
23.1455
22.9130
22.9724
23.1292
22.8591
23.3243
22.7925
23.0908
23.2169
23.1566
23.2675
22.8770
23.0900
23.1521
22.8854
23.1836
23.1066
23.1978
23.1489
23.3198
23.2614
23.1148
23.1297
22.9333
22.8460
23.0160
23.0167
23.2256
23.1930
23.0145
22.7985
23.3052
23.1516
23.2480
23.2009
23.2806
23.3852
23.4003
22.9885
23.2129
23.2789
23.0492
22.8909
23.1947
23.2106
23.3650
23.1977
23.4652
23.2463
23.2697
23.2963
23.1454
23.0715
22.7555
23.0570
23.0534
22.7638
23.4860
23.2861
23.2118
23.3810
23.1143
23.2385
23.1702
23.1965
23.4432
23.0800
23.0125
23.0741
23.0997
22.9864
22.9731
23.0204
23.2053
23.1833
22.6744
23.2336
22.9541
23.1146
23.0406
22.9918
23.2170
23.1267
23.0035
22.9948
23.1703
22.9472
23.2542
23.0744
23.1055
22.9838
23.2066
23.0093
23.1418
22.6653
22.9559
22.9952
22.7263
22.5216
22.9376
23.0298
23.0295
23.1762
22.9952
22.9106
23.0017
22.6883
23.0327
23.0332
23.1552
23.1304
23.2734
23.1413
22.9988
23.0505
22.9786
23.0646
22.9370
23.4071
23.1219
22.9614
23.0223
22.7681
23.0099
22.9485
22.8921
22.9567
22.9509
22.8902
22.8405
22.7597
23.0325
22.8465
22.4717
22.8116
22.6499
22.7513
22.6110
22.7486
22.5939
22.9107
22.7932
22.9612
23.0781
22.9272
22.6596
22.7071
22.7094
22.6220
23.0276
23.0186
22.8665
22.9918
22.8629
22.9382
22.8383
22.7975
23.0129
23.0692
22.8818
22.9679
23.1445
22.7875
22.8616
23.0321
22.7298
22.8474
22.9316
22.7407
22.6867
22.9570
22.8621
22.6367
22.5090
22.6117
23.2387
23.0537
22.9055
22.9618
22.9533
22.8078
23.1328
22.6758
22.7165
22.7559
22.7501
22.9256
22.7751
22.4445
22.7565
22.7114
22.7952
22.9162
22.8489
22.9202
23.1087
23.1141
22.9882
22.9485
22.7971
22.7712
22.7758
22.6148
22.7835
22.9935
22.7697
22.9093
22.5837
22.8061
22.8341
23.0156
22.8528
23.0031
22.9454
22.8605
22.9508
23.1568
23.1497
22.9291
22.8952
23.0182
23.0285
22.9428
22.9084
22.8653
22.8507
22.6659
22.7623
23.0211
22.9116
22.8281
22.8028
23.0554
23.1866
22.9099
22.9142
22.9532
22.6282
22.7253
22.6589
22.7025
22.6763
22.9483
22.7441
22.7351
23.0292
23.0401
23.1200
23.2721
23.1586
22.9322
22.9731
22.9173
23.0490
23.2651
23.1694
23.0671
22.7866
22.7429
22.9037
22.7605
23.0814
22.9612
23.2608
22.8072
22.9030
22.8770
23.1744
22.7889
22.6623
23.1239
22.9669
22.9401
22.6084
23.0387
22.9648
22.6348
22.4548
22.7790
22.7192
22.8027
22.5928
22.8831
23.0546
23.2948
23.1321
23.0128
22.8913
23.0325
22.8677
23.1176
23.0087
23.3359
22.8709
23.1489
23.0135
22.8405
22.5499
22.7075
22.5997
22.6765
22.7149
22.8103
22.7802
22.9211
22.8018
22.8033
22.8554
22.9224
23.0578
23.0033
22.7508
22.6389
22.7765
23.1201
23.1159
22.8173
22.7822
22.8873
22.8377
22.5952
22.9475
22.8461
22.6763
22.7445
22.6381
22.9953
22.4445
22.9452
22.9832
22.7967
22.8991
22.7769
22.6325
22.9008
22.8924
23.1373
23.1208
23.0298
23.1622
23.1970
22.9924
23.0234
22.9676
22.9136
23.0081
22.9950
22.8761
23.0004
22.9152
22.8050
22.9059
22.9358
22.8834
23.1141
22.9359
22.9324
22.7601
22.7037
22.9598
23.0950
22.9583
23.1001
22.7750
22.9341
23.1200
22.7361
22.5426
22.4509
22.7714
22.4967
22.4777
22.6743
22.7846
23.0168
23.1425
22.9530
22.7193
22.9821
23.1804
23.1007
22.8069
22.9378
23.0381
22.8698
23.0061
22.9324
22.6926
22.7060
22.3573
22.6810
22.3365
22.7602
22.2251
22.3620
22.4109
22.4364
22.1091
22.4917
22.5587
22.5850
22.6881
22.6234
22.3335
22.2371
22.4947
22.8046
22.5560
22.7368
22.7340
22.7197
22.7616
22.7021
22.5221
22.4395
22.9128
22.7447
22.7651
22.8806
22.8953
22.7583
22.8317
22.7222
22.7718
22.8550
22.9131
23.0699
23.1114
22.7954
22.8487
22.9224
22.8907
22.9218
22.6702
23.2150
22.9873
22.9066
22.8432
22.9189
22.8532
22.9550
22.8458
22.7540
23.0769
23.0668
23.0290
22.5803
22.5600
22.7788
22.8142
23.0399
22.9814
22.9720
22.5169
22.6111
22.7265
22.8574
